1 0 759 925 62731
2 0 1183 1391 122067
3 0 668 802 51795
4 0 157 180 5920
5 1 1888 2285 246107
6 1 811 1000 69287
7 1 840 1045 73036
8 2 886 1109 79117
9 2 1148 1466 116690
10 2 1170 1385 120060
11 3 714 837 57236
12 3 805 1031 68519
13 3 554 653 39119
14 3 510 664 34552
15 4 508 652 34349
16 4 799 982 67755
17 4 435 568 27218
18 5 100 121 3039
19 5 660 794 50867
20 5 321 404 17255
21 6 927 1120 84672
22 6 553 718 39013
23 6 1157 1347 118065
24 6 347 433 19393
25 7 189 241 7799
26 7 807 1014 68775
27 7 641 768 48687
28 8 297 365 15357
29 8 1401 1796 157318
30 8 398 477 23822
31 9 491 634 32640
32 9 1569 1945 186447
33 9 1201 1527 124863
34 9 363 465 20749
35 10 682 815 53432
36 10 333 421 18231
37 10 1499 1928 174110
38 11 1498 1830 173935
39 11 2439 3169 361359
40 11 3009 3675 495170
41 12 548 653 38486
42 12 1350 1643 148806
43 12 162 221 6190
44 12 975 1180 91333
45 13 1136 1467 114865
46 13 416 546 25455
47 13 523 641 35882
48 14 1505 1763 175156
49 14 1154 1466 117606
50 14 2254 2711 321034
51 15 2098 2674 288289
52 15 210 270 9134
53 15 590 736 42993
54 15 381 497 22311
55 16 1386 1689 154798
56 16 1039 1279 100472
57 16 403 502 24271
58 17 454 564 29021
59 17 1821 2254 233123
60 17 640 830 48572
61 18 136 181 4771
62 18 374 477 21699
63 18 2537 3190 383355
64 18 1597 1919 191460
65 19 315 394 16774
66 19 975 1276 91333
67 19 1536 1952 180596
68 20 207 275 8938
69 20 1643 2069 199791
70 20 1147 1344 116538
71 21 499 641 33441
72 21 1266 1573 135136
73 21 1049 1313 101926
74 21 1095 1339 108703
75 22 951 1127 87982
76 22 441 541 27784
77 22 508 678 34349
78 23 729 906 59049
79 23 889 1107 79519
80 23 1313 1543 142731
81 24 2573 2997 391544
82 24 1005 1287 95580
83 24 1298 1621 140292
84 24 1489 1849 172370
85 25 1357 1635 149965
86 25 429 566 26657
87 25 1925 2287 253377
88 26 1745 2082 218682
89 26 943 1175 86874
90 26 448 560 28448
91 27 879 1070 78181
92 27 232 316 10604
93 27 2077 2618 283972
94 27 544 719 38064
95 28 703 880 55918
96 28 1988 2335 265916
97 28 1847 2227 238134
98 29 1076 1424 105886
99 29 2264 2835 323173
100 29 418 554 25638
101 30 1076 1268 105886
102 30 421 546 25915
103 30 1681 1972 206763
104 30 1645 2062 200156
105 31 2361 3072 344163
106 31 862 1147 75924
107 31 2753 3420 433341
108 32 393 510 23374
109 32 831 1105 71866
110 32 405 538 24452
111 33 982 1171 92318
112 33 432 559 26937
113 33 1684 2030 207316
114 33 1171 1462 120214
115 34 367 481 21093
116 34 1449 1826 165471
117 34 2169 2644 303047
118 35 1244 1496 131629
119 35 283 381 14284
120 35 777 1025 64976
121 36 1345 1716 147980
122 36 727 908 58806
123 36 389 537 23017
124 36 1802 2354 229484
125 37 705 869 56157
126 37 2170 2545 303257
127 37 592 783 43212
128 38 677 900 52845
129 38 558 760 39543
130 38 768 1023 63850
131 39 1159 1476 118371
132 39 406 538 24543
133 39 347 439 19395
134 39 203 279 8684
135 40 180 259 7251
136 40 286 395 14512
137 40 589 766 42884
138 41 970 1264 90631
139 41 1118 1373 112146
140 41 941 1202 86597
141 42 2022 2394 272767
142 42 2413 2966 355596
143 42 708 935 56516
144 42 411 557 24997
145 43 2854 3749 457406
146 43 1764 2145 222264
147 43 1686 2107 207686
148 44 572 730 41041
149 44 1472 1834 169427
150 44 946 1253 87288
151 45 819 1070 70315
152 45 818 1093 70186
153 45 1193 1453 123618
154 45 2062 2686 280901
155 46 2995 3517 491718
156 46 646 875 49257
157 46 981 1222 92177
158 47 805 1010 68520
159 47 1143 1449 115928
160 47 738 999 60146
161 48 523 653 35883
162 48 647 826 49372
163 48 578 786 41688
164 48 778 988 65101
165 49 304 407 15904
166 49 586 760 42557
167 49 1136 1421 114865
168 50 1130 1504 113956
169 50 1019 1338 97585
170 50 1954 2445 259124
171 51 1165 1563 119291
172 51 1916 2388 251602
173 51 2997 3523 492211
174 51 1495 1829 173413
175 52 305 422 15982
176 52 1045 1278 101343
177 52 947 1275 87427
178 53 2167 2794 302628
179 53 798 1002 67628
180 53 470 635 30568
181 54 611 822 45309
182 54 315 460 16773
183 54 100 182 3012
184 54 2711 3381 423463
185 55 872 1159 77249
186 55 341 475 18892
187 55 2286 2873 327895
188 56 2520 2997 379509
189 56 969 1188 90491
190 56 291 413 14894
191 57 622 797 46538
192 57 740 910 60391
193 57 892 1179 79922
194 57 378 493 22050
195 58 1571 2004 186803
196 58 123 209 4105
197 58 1730 2298 215869
198 59 1956 2450 259522
199 59 666 831 51563
200 59 825 1076 71089
201 60 2105 2746 289733
202 60 1313 1766 142731
203 60 684 890 53667
204 60 742 948 60635
205 61 1198 1601 124396
206 61 2566 3085 389947
207 61 759 1003 62731
208 62 669 872 51911
209 62 888 1088 79385
210 62 892 1134 79922
211 63 1066 1331 104413
212 63 827 1099 71347
213 63 1793 2380 227767
214 63 443 590 27973
215 64 1142 1516 115776
216 64 1171 1420 120214
217 64 474 647 30959
218 65 1135 1382 114713
219 65 1191 1601 123307
220 65 100 191 3014
221 66 411 579 24997
222 66 2212 2883 312103
223 66 564 769 40183
224 66 340 506 18808
225 67 172 283 6772
226 67 381 557 22311
227 67 803 1052 68264
228 68 320 441 17176
229 68 1324 1695 144528
230 68 467 613 30277
231 69 1071 1395 105149
232 69 2022 2540 272767
233 69 1947 2489 257733
234 69 1059 1288 103387
235 70 361 495 20579
236 70 841 1099 73167
237 70 1081 1467 106625
238 71 3329 4090 576224
239 71 171 278 6716
240 71 843 1130 73428
241 72 1295 1678 139806
242 72 936 1190 85908
243 72 1006 1290 95723
244 72 490 651 32541
245 73 1554 2085 183779
246 73 892 1116 79922
247 73 1003 1282 95295
248 74 1657 1985 202350
249 74 699 901 55442
250 74 1882 2458 244934
251 75 311 442 16456
252 75 1041 1284 100762
253 75 466 644 30179
254 75 376 507 21875
255 76 2548 3038 385851
256 76 325 489 17578
257 76 904 1220 81540
258 77 304 468 15902
259 77 1811 2391 231205
260 77 649 889 49601
261 78 1652 1990 201435
262 78 1267 1683 135296
263 78 3038 3956 502345
264 78 252 398 12003
265 79 408 579 24724
266 79 1597 1971 191460
267 79 1075 1451 105738
268 80 735 1005 59779
269 80 2707 3591 422526
270 80 863 1092 76057
271 81 480 649 31550
272 81 1664 2047 203634
273 81 881 1198 78448
274 81 928 1174 84809
275 82 1334 1629 146169
276 82 1368 1860 151792
277 82 404 548 24363
278 83 705 982 56157
279 83 281 421 14134
280 83 1084 1466 107069
281 84 2521 3192 379734
282 84 417 619 25546
283 84 236 388 10878
284 84 541 706 37751
285 85 731 933 59292
286 85 1375 1717 152959
287 85 677 931 52845
288 86 1097 1493 109001
289 86 602 819 44312
290 86 759 1027 62731
291 87 468 638 30374
292 87 360 544 20492
293 87 1407 1909 158329
294 87 633 840 47778
295 88 1149 1494 116842
296 88 462 625 29792
297 88 865 1155 76321
298 89 126 243 4255
299 89 667 870 51679
300 89 501 698 33642
301 90 1766 2209 222642
302 90 314 475 16694
303 90 781 1056 65478
304 90 1076 1328 105886
305 91 1617 2135 195068
306 91 1481 1952 170983
307 91 825 1085 71089
308 92 905 1139 81676
309 92 1765 2321 222453
310 92 814 1144 69672
311 93 971 1244 90771
312 93 1801 2251 229293
313 93 3291 3968 566386
314 93 1027 1362 98736
315 94 1214 1518 126896
316 94 1453 1842 166157
317 94 1790 2339 227196
318 95 1642 2121 199609
319 95 568 781 40611
320 95 1072 1395 105296
321 96 1649 2131 200887
322 96 2024 2425 273172
323 96 782 1004 65604
324 96 1055 1448 102801
325 97 1135 1415 114713
326 97 885 1208 78983
327 97 1037 1432 100182
328 98 4479 5430 899275
329 98 760 1014 62855
330 98 801 1087 68009
331 99 214 373 9394
332 99 181 332 7309
333 99 1187 1595 122686
334 100 1653 2022 201618
335 100 1469 1936 168909
336 100 461 658 29695
337 100 1415 1827 159682
338 101 792 1017 66867
339 101 662 881 51099
340 101 288 466 14664
341 102 507 719 34248
342 102 1205 1542 125488
343 102 1065 1388 104266
344 103 964 1335 89791
345 103 111 243 3520
346 103 971 1259 90771
347 103 562 759 39970
348 104 1070 1374 105002
349 104 1824 2453 233699
350 104 625 877 46875
351 105 924 1241 84261
352 105 2697 3447 420187
353 105 1035 1352 99892
354 106 849 1185 74213
355 106 467 679 30276
356 106 1440 1787 163932
357 106 407 581 24634
358 107 1873 2411 243180
359 107 1312 1800 142568
360 107 577 797 41580
361 108 479 721 31450
362 108 488 725 32341
363 108 185 327 7557
364 109 1169 1459 119906
365 109 128 258 4367
366 109 812 1131 69415
367 109 777 1025 64976
368 110 684 934 53667
369 110 1163 1534 118984
370 110 578 837 41688
371 111 972 1245 90912
372 111 1873 2379 243180
373 111 1253 1643 133060
374 112 642 902 48800
375 112 866 1214 76453
376 112 684 916 53667
377 112 769 1089 63975
378 113 992 1356 93732
379 113 277 454 13833
380 113 222 391 9926
381 114 437 643 27407
382 114 1199 1517 124552
383 114 1305 1745 141428
384 115 1430 1872 162227
385 115 450 675 28638
386 115 920 1219 83715
387 115 656 958 50405
388 116 791 1095 66740
389 116 648 869 49487
390 116 1030 1369 99169
391 117 525 780 36088
392 117 1746 2332 218870
393 117 1756 2266 220753
394 118 1175 1626 120831
395 118 1623 2049 196154
396 118 267 441 13091
397 118 1809 2442 230823
398 119 1104 1537 110046
399 119 549 806 38590
400 119 509 769 34451
401 120 2189 2666 307248
402 120 1444 1967 164616
403 120 777 1050 64976
404 121 265 432 12946
405 121 1866 2333 241818
406 121 362 559 20664
407 121 664 909 51330
408 122 776 1051 64851
409 122 503 710 33844
410 122 752 1020 61865
411 123 858 1183 75396
412 123 741 1024 60513
413 123 1063 1400 103973
414 124 2239 2949 317835
415 124 276 478 13757
416 124 957 1333 88815
417 124 365 561 20921
418 125 253 444 12074
419 125 1546 1938 182362
420 125 1012 1308 96581
421 126 239 413 11088
422 126 752 1081 61865
423 126 438 645 27501
424 127 770 1019 64100
425 127 1334 1687 146169
426 127 1250 1725 132582
427 127 651 937 49830
428 128 1592 2019 190561
429 128 1963 2548 260916
430 128 1348 1784 148476
431 129 575 846 41364
432 129 788 1062 66361
433 129 2196 2939 308723
434 130 686 950 53902
435 130 1253 1701 133060
436 130 498 703 33341
437 130 1599 2058 191820
438 131 455 678 29117
439 131 812 1130 69415
440 131 1225 1553 128625
441 132 2470 3265 368270
442 132 1000 1314 94868
443 132 717 1029 57597
444 133 679 995 53079
445 133 1555 2052 183957
446 133 1162 1598 118831
447 133 1318 1779 143547
448 134 2103 2664 289321
449 134 897 1274 80595
450 134 1109 1458 110794
451 135 672 965 52261
452 135 483 744 31845
453 135 557 807 39437
454 136 100 255 3027
455 136 1217 1619 127367
456 136 1138 1584 115168
457 136 1200 1683 124707
458 137 459 702 29502
459 137 564 841 40183
460 137 551 845 38801
461 138 1696 2113 209536
462 138 976 1294 91473
463 138 891 1257 79788
464 139 1395 1915 156308
465 139 552 844 38907
466 139 1092 1462 108256
467 139 2664 3238 412498
468 140 1861 2402 240846
469 140 1081 1420 106625
470 140 913 1229 82761
471 141 1194 1652 123773
472 141 2018 2484 271958
473 141 1932 2602 254760
474 142 2224 2842 314646
475 142 1012 1396 96581
476 142 126 288 4268
477 142 2552 3205 386760
478 143 482 703 31747
479 143 1381 1930 153961
480 143 129 306 4404
481 144 878 1214 78048
482 144 687 957 54020
483 144 2228 3018 315496
484 145 1090 1454 107959
485 145 872 1168 77249
486 145 1169 1588 119906
487 145 100 274 3011
488 146 543 770 37961
489 146 606 864 44754
490 146 1289 1809 138835
491 147 404 621 24362
492 147 983 1294 92459
493 147 816 1155 69929
494 148 565 870 40290
495 148 593 872 43322
496 148 811 1201 69287
497 148 168 358 6538
498 149 1407 1782 158329
499 149 480 772 31549
500 149 718 1018 57717
501 150 2178 2748 304935
502 150 1422 1904 160868
503 150 348 566 19477
504 151 100 267 3039
505 151 1202 1533 125019
506 151 738 1049 60146
507 151 987 1409 93024
508 152 1393 1873 155972
509 152 1531 2142 179714
510 152 641 916 48687
511 153 802 1109 68137
512 153 1113 1459 111394
513 153 1160 1515 118524
514 154 981 1324 92177
515 154 2034 2734 275199
516 154 1152 1635 117300
517 154 1380 1942 153794
518 155 1036 1382 100037
519 155 402 670 24181
520 155 541 803 37750
521 156 336 548 18480
522 156 1639 2254 199062
523 156 237 451 10948
524 157 780 1073 65353
525 157 665 964 51446
526 157 653 936 50060
527 157 694 1031 54848
528 158 2267 2919 323816
529 158 157 361 5906
530 158 1881 2336 244739
531 159 737 1045 60024
532 159 1470 1955 169082
533 159 909 1272 82218
534 160 365 597 20921
535 160 1990 2666 266318
536 160 1806 2473 230249
537 160 387 659 22840
538 161 1260 1762 134176
539 161 560 876 39756
540 161 247 465 11648
541 162 481 774 31648
542 162 1921 2458 252587
543 162 1493 1968 173065
544 163 700 1001 55561
545 163 1926 2512 253574
546 163 1723 2218 214560
547 163 481 785 31647
548 164 2212 2811 312103
549 164 661 933 50983
550 164 727 1057 58806
551 165 161 351 6144
552 165 552 808 38908
553 165 784 1092 65856
554 166 1055 1452 102801
555 166 366 610 21007
556 166 498 798 33340
557 166 2242 2992 318474
558 167 1653 2173 201618
559 167 1842 2377 237167
560 167 830 1160 71736
561 168 1076 1530 105886
562 168 1278 1647 137062
563 168 2222 2727 314222
564 169 242 476 11296
565 169 594 894 43431
566 169 1013 1353 96724
567 169 913 1251 82761
568 170 494 807 32939
569 170 1209 1716 126113
570 170 611 937 45309
571 171 869 1233 76851
572 171 1174 1612 120676
573 171 633 991 47778
574 172 1416 2005 159851
575 172 1578 2037 188053
576 172 508 818 34349
577 172 608 889 44976
578 173 411 658 24998
579 173 857 1245 75265
580 173 1055 1450 102801
581 174 676 1045 52728
582 174 1036 1379 100037
583 174 597 906 43761
584 175 611 961 45309
585 175 1090 1576 107959
586 175 640 926 48573
587 175 826 1170 71218
588 176 1115 1561 111695
589 176 1026 1380 98592
590 176 603 957 44422
591 177 1678 2336 206209
592 177 231 448 10538
593 177 100 293 3039
594 178 1242 1622 131312
595 178 1013 1481 96724
596 178 368 611 21180
597 178 928 1303 84809
598 179 544 841 38065
599 179 1185 1648 122376
600 179 100 295 3039
601 180 720 1032 57959
602 180 583 931 42230
603 180 1419 2005 160359
604 181 167 392 6479
605 181 888 1204 79385
606 181 1232 1658 129729
607 181 2471 3255 368493
608 182 609 907 45087
609 182 1067 1554 104560
610 182 178 403 7129
611 183 859 1180 75529
612 183 1753 2437 220188
613 183 2486 3399 371854
614 184 1132 1498 114259
615 184 229 465 10399
616 184 1925 2485 253377
617 184 231 463 10537
618 185 339 583 18727
619 185 2024 2688 273172
620 185 817 1241 70057
621 186 560 872 39756
622 186 1339 1742 146991
623 186 962 1381 89512
624 187 1658 2178 202534
625 187 991 1453 93590
626 187 1006 1409 95723
627 187 1622 2099 195973
628 188 809 1141 69031
629 188 439 743 27594
630 188 1388 1839 155133
631 189 701 1075 55680
632 189 1044 1421 101198
633 189 141 357 5036
634 190 787 1150 66234
635 190 590 951 42993
636 190 137 366 4817
637 190 804 1139 68392
638 191 823 1181 70830
639 191 1093 1472 108405
640 191 1735 2318 216805
641 192 1567 2102 186090
642 192 621 990 46426
643 192 975 1449 91333
644 193 1195 1636 123929
645 193 634 968 47891
646 193 251 515 11931
647 193 745 1139 61003
648 194 1779 2240 225105
649 194 240 481 11158
650 194 404 684 24362
651 195 475 757 31058
652 195 408 676 24725
653 195 1343 1747 147650
654 196 543 872 37960
655 196 1366 1820 151459
656 196 888 1224 79385
657 196 190 421 7865
658 197 644 1015 49028
659 197 1596 2236 191280
660 197 955 1364 88537
661 198 679 1021 53079
662 198 1792 2521 227576
663 198 372 636 21526
664 199 558 858 39544
665 199 1505 1995 175156
666 199 1325 1757 144692
667 200 347 618 19393
668 200 1170 1705 120060
669 200 536 865 37228
670 200 130 357 4460
671 201 688 1088 54138
672 201 2582 3189 393600
673 201 1613 2106 194344
674 202 835 1233 72385
675 202 227 484 10263
676 202 134 356 4678
677 203 889 1279 79519
678 203 1121 1601 112597
679 203 1353 1900 149302
680 203 1257 1768 133697
681 204 1325 1791 144692
682 204 1034 1407 99747
683 204 1769 2351 223209
684 205 589 893 42884
685 205 880 1342 78315
686 205 191 438 7924
687 206 580 900 41905
688 206 1585 2210 189306
689 206 1298 1795 140292
690 206 100 325 3027
691 207 2697 3637 420187
692 207 957 1432 88815
693 207 969 1419 90491
694 208 552 846 38908
695 208 646 1005 49257
696 208 950 1409 87843
697 209 1252 1674 132901
698 209 1067 1472 104560
699 209 586 960 42557
700 209 434 709 27126
701 210 411 729 24997
702 210 1662 2239 203267
703 210 1540 2084 181301
704 211 1180 1569 121603
705 211 1655 2317 201984
706 211 791 1163 66740
707 212 1460 2009 167359
708 212 1219 1737 127681
709 212 1484 2075 171503
710 212 378 700 22048
711 213 100 335 3020
712 213 1025 1453 98448
713 213 672 1081 52260
714 214 105 344 3243
715 214 1826 2395 234084
716 214 1543 2017 181832
717 215 1083 1597 106921
718 215 455 762 29117
719 215 183 443 7431
720 215 104 341 3202
721 216 577 896 41580
722 216 1337 1874 146662
723 216 677 1000 52845
724 217 1189 1658 122997
725 217 1227 1728 128940
726 217 1325 1827 144692
727 218 152 409 5628
728 218 488 839 32341
729 218 1175 1705 120831
730 218 2070 2610 282538
731 219 1727 2255 215307
732 219 1048 1508 101780
733 219 1838 2590 236395
734 220 1043 1550 101052
735 220 234 518 10740
736 220 1310 1786 142242
737 221 1762 2360 221886
738 221 2463 3227 366705
739 221 565 884 40290
740 221 346 620 19311
741 222 1462 2110 167703
742 222 1130 1562 113956
743 222 1066 1486 104413
744 223 1854 2378 239489
745 223 1459 2104 167187
746 223 1199 1706 124551
747 224 619 997 46202
748 224 1385 2006 154630
749 224 334 625 18314
750 224 1041 1518 100762
751 225 842 1198 73298
752 225 223 487 9996
753 225 1132 1667 114259
754 226 565 940 40290
755 226 1114 1565 111544
756 226 414 725 25272
757 227 1468 2032 168737
758 227 2265 2831 323387
759 227 334 623 18314
760 227 413 714 25181
761 228 287 568 14589
762 228 742 1170 60635
763 228 1103 1542 109896
764 229 1333 1800 146004
765 229 1027 1487 98736
766 229 1307 1901 141753
767 230 822 1205 70701
768 230 561 881 39863
769 230 422 737 26008
770 230 762 1191 63103
771 231 430 761 26751
772 231 1082 1607 106773
773 231 435 793 27218
774 232 607 1002 44865
775 232 1657 2287 202350
776 232 1754 2378 220376
777 233 1722 2223 214373
778 233 831 1311 71866
779 233 578 930 41688
780 233 1190 1628 123152
781 234 442 786 27878
782 234 1374 1872 152792
783 234 539 901 37541
784 235 740 1151 60390
785 235 1393 1930 155972
786 235 174 456 6890
787 236 557 898 39437
788 236 1097 1571 109001
789 236 1252 1776 132900
790 236 1125 1641 113201
791 237 733 1166 59535
792 237 1481 2027 170983
793 237 411 749 24997
794 238 397 703 23732
795 238 1090 1643 107959
796 238 374 689 21700
797 239 2312 3150 333505
798 239 569 895 40719
799 239 1464 1967 168047
800 239 323 634 17416
801 240 2023 2832 272970
802 240 870 1309 76984
803 240 557 958 39437
804 241 698 1094 55323
805 241 493 844 32839
806 241 738 1102 60146
807 242 339 672 18726
808 242 571 919 40934
809 242 1447 2101 165129
810 242 990 1515 93448
811 243 404 764 24361
812 243 756 1171 62360
813 243 1767 2454 222831
814 244 620 1029 46313
815 244 371 677 21440
816 244 1223 1760 128310
817 245 112 374 3590
818 245 709 1113 56636
819 245 1861 2428 240846
820 245 741 1117 60513
821 246 1536 2096 180596
822 246 367 691 21093
823 246 721 1142 58079
824 247 674 1029 52495
825 247 1181 1694 121757
826 247 902 1309 81270
827 248 2013 2736 270948
828 248 595 989 43541
829 248 894 1350 80191
830 248 692 1120 54611
831 249 852 1271 74607
832 249 801 1262 68009
833 249 439 782 27595
834 250 1398 1959 156813
835 250 527 907 36294
836 250 499 825 33442
837 251 236 545 10879
838 251 583 975 42230
839 251 522 875 35779
840 251 137 410 4831
841 252 736 1108 59902
842 252 1958 2774 259920
843 252 276 597 13757
844 253 842 1237 73298
845 253 724 1124 58443
846 253 1284 1843 138028
847 254 1343 1966 147650
848 254 2841 3539 454284
849 254 1014 1456 96867
850 254 471 858 30666
851 255 571 912 40934
852 255 614 979 45643
853 255 538 951 37436
854 256 2252 3053 320607
855 256 1303 1805 141103
856 256 1175 1619 120831
857 257 380 695 22225
858 257 1334 1840 146169
859 257 1686 2418 207686
860 257 733 1145 59536
861 258 566 970 40397
862 258 2043 2888 277028
863 258 513 879 34858
864 259 474 817 30960
865 259 417 770 25547
866 259 814 1305 69672
867 260 1012 1545 96581
868 260 1548 2055 182716
869 260 1209 1775 126113
870 260 1197 1739 124240
871 261 1843 2631 237360
872 261 401 729 24092
873 261 261 582 12652
874 262 1246 1859 131946
875 262 789 1217 66487
876 262 1551 2157 183247
877 263 840 1237 73037
878 263 552 920 38908
879 263 1258 1770 133857
880 263 910 1438 82353
881 264 840 1265 73036
882 264 3155 4110 531643
883 264 1758 2462 221131
884 265 1358 1859 150131
885 265 929 1401 84946
886 265 877 1370 77915
887 266 695 1155 54966
888 266 991 1498 93590
889 266 606 1023 44754
890 266 336 658 18480
891 267 833 1343 72125
892 267 1044 1488 101198
893 267 1553 2233 183602
894 268 476 834 31156
895 268 881 1404 78448
896 268 1203 1781 125175
897 269 1186 1767 122531
898 269 2185 2853 306406
899 269 705 1126 56157
900 269 446 823 28257
901 270 920 1434 83715
902 270 731 1122 59292
903 270 645 1104 49143
904 271 585 1021 42448
905 271 1047 1517 101634
906 271 527 942 36294
907 272 1357 1938 149965
908 272 1318 1878 143547
909 272 1107 1597 110495
910 272 401 768 24091
911 273 1017 1553 97297
912 273 1617 2232 195068
913 273 1418 2037 160190
914 274 1298 1902 140292
915 274 873 1371 77382
916 274 848 1255 74082
917 275 1775 2545 224346
918 275 1036 1537 100037
919 275 1044 1516 101198
920 275 3693 4655 673271
921 276 694 1124 54848
922 276 125 436 4200
923 276 766 1200 63601
924 277 796 1281 67374
925 277 1026 1471 98592
926 277 1179 1717 121448
927 278 150 472 5516
928 278 1194 1789 123773
929 278 829 1257 71607
930 278 716 1155 57476
931 279 223 543 9996
932 279 1997 2698 267724
933 279 639 1088 48459
934 280 1308 1935 141916
935 280 471 837 30667
936 280 1055 1639 102801
937 281 724 1177 58442
938 281 1285 1831 138189
939 281 708 1148 56516
940 281 455 845 29117
941 282 854 1335 74870
942 282 826 1292 71218
943 282 1011 1521 96438
944 283 1524 2075 178483
945 283 381 767 22311
946 283 1478 2102 170464
947 284 337 678 18562
948 284 1254 1870 133219
949 284 1279 1933 137223
950 284 616 1079 45866
951 285 489 874 32441
952 285 470 835 30569
953 285 907 1398 81947
954 286 1329 1836 145348
955 286 781 1293 65478
956 286 111 416 3536
957 287 587 984 42666
958 287 573 980 41149
959 287 1174 1704 120676
960 287 1212 1825 126583
961 288 952 1447 88120
962 288 1480 2027 170810
963 288 1545 2126 182185
964 289 612 1039 45420
965 289 462 830 29792
966 289 818 1304 70186
967 290 951 1464 87981
968 290 591 1033 43102
969 290 4213 5727 820367
970 290 1930 2773 254364
971 291 552 1004 38907
972 291 394 758 23463
973 291 521 900 35677
974 292 1562 2159 185200
975 292 1585 2327 189306
976 292 1944 2811 257137
977 293 452 871 28829
978 293 1171 1658 120214
979 293 484 918 31944
980 293 2190 2950 307459
981 294 464 828 29986
982 294 326 690 17660
983 294 376 728 21875
984 295 856 1349 75133
985 295 1317 1876 143383
986 295 1266 1840 135136
987 296 389 779 23017
988 296 660 1141 50867
989 296 602 1048 44311
990 296 347 717 19393
991 297 592 1050 43212
992 297 1895 2733 247477
993 297 310 659 16378
994 298 992 1517 93732
995 298 1921 2589 252587
996 298 1863 2453 241235
997 299 2250 3112 320180
998 299 1054 1647 102655
999 299 1151 1650 117148
1000 300 600 1063 44091
