1 6 1161 1430 118677
2 24 766 997 63601
3 25 715 874 57356
4 115 715 963 57356
5 138 2110 2691 290766
6 159 1363 1909 150961
7 182 601 873 44202
8 182 1193 1715 123618
9 187 989 1347 93307
10 201 152 398 5626
11 215 385 712 22663
12 232 1036 1500 100037
13 234 1992 2678 266719
14 234 720 1114 57959
15 276 568 983 40611
16 277 908 1333 82082
17 331 543 958 37960
18 340 687 1135 54021
19 340 835 1355 72385
20 358 370 798 21353
21 359 1407 2108 158329
22 364 319 778 17093
23 382 288 729 14665
24 386 960 1572 89233
25 436 1341 2061 147321
26 442 945 1648 87150
27 475 778 1474 65101
28 492 682 1366 53431
29 522 605 1306 44643
30 539 1605 2391 192900
31 557 1042 1886 100907
32 593 641 1402 48686
33 619 511 1224 34655
34 630 1244 2239 131629
35 674 1582 2528 188769
36 695 1497 2569 173761
37 703 447 1232 28353
38 719 678 1542 52962
39 726 597 1476 43760
40 770 740 1683 60390
41 785 1399 2483 156981
42 855 1883 3112 245130
43 882 1067 2243 104560
44 882 524 1495 35985
45 910 822 1908 70701
46 913 2094 3604 287465
47 929 893 2069 80057
48 929 683 1755 53549
49 935 723 1849 58321
50 946 1064 2300 104120
51 972 459 1561 29501
52 987 586 1708 42557
53 989 1484 2741 171503
54 1054 1045 2295 101343
55 1072 900 2146 81000
56 1088 1529 2982 179362
57 1098 501 1676 33643
58 1102 668 1933 51795
59 1116 1023 2348 98160
60 1124 1001 2319 95010
61 1130 263 1467 12797
62 1137 623 1896 46650
63 1140 754 2017 62113
64 1141 1095 2536 108703
65 1159 999 2314 94726
66 1207 801 2215 68009
67 1227 151 1418 5572
68 1228 828 2223 71477
69 1238 877 2355 77915
70 1296 3188 5208 540006
71 1307 737 2205 60024
72 1316 1027 2504 98736
73 1325 1681 3331 206763
74 1356 1351 3098 148971
75 1378 1929 3709 254167
76 1381 267 1709 13091
77 1401 393 1884 23373
78 1431 558 2122 39543
79 1439 229 1704 10403
80 1442 882 2504 78582
81 1455 418 1981 25638
82 1461 2080 3915 284587
83 1474 469 2027 30471
84 1497 671 2269 52145
85 1517 1400 3218 157149
86 1519 316 1924 16853
87 1524 216 1774 9532
88 1548 952 2670 88120
89 1556 1000 2752 94868
90 1588 1375 3320 152959
91 1589 1178 3056 121294
92 1627 1024 2868 98304
93 1628 510 2272 34552
94 1635 983 2855 92459
95 1636 1022 2948 98016
96 1673 496 2304 33139
97 1696 2427 4579 358695
98 1708 1144 3070 116080
99 1724 399 2190 23912
100 1751 1379 3406 153627
101 1757 1524 3738 178483
102 1772 1102 3106 109747
103 1774 710 2613 56756
104 1800 480 2406 31549
105 1809 800 2794 67882
106 1815 1054 3050 102655
107 1819 850 2845 74344
108 1823 1980 4223 264313
109 1829 1254 3412 133219
110 1842 440 2349 27690
111 1856 365 2290 20922
112 1863 1150 3274 116995
113 1875 721 2733 58080
114 1884 1321 3527 144037
115 1900 1144 3298 116080
116 1932 802 2897 68137
117 1932 444 2505 28067
118 1936 238 2232 11018
119 1946 971 3081 90771
120 1946 311 2329 16455
121 1948 431 2494 26844
122 1960 934 3133 85633
123 1968 876 2998 77782
124 1970 342 2413 18975
125 1994 1628 3975 197062
126 1998 1602 3878 192360
127 1999 1173 3379 120522
128 2005 1172 3370 120368
129 2011 1173 3501 120522
130 2014 1516 3785 177080
131 2016 1274 3505 136419
132 2064 473 2668 30861
133 2070 714 2928 57236
134 2092 2986 5539 489503
135 2100 161 2286 6144
136 2120 600 2822 44091
137 2130 1633 4060 197970
138 2151 496 2770 33139
139 2158 1295 3677 139806
140 2169 869 3183 76851
141 2172 521 2830 35676
142 2204 133 2370 4610
143 2207 954 3366 88398
144 2217 465 2790 30082
145 2222 778 3153 65101
146 2224 1167 3650 119599
147 2235 1442 4002 164274
148 2242 599 2965 43981
149 2257 521 2926 35676
150 2282 307 2635 16141
151 2295 1486 4178 171850
152 2307 2737 5505 429569
153 2309 1583 4318 188948
154 2352 1797 4584 228530
155 2368 499 3004 33440
156 2369 1124 3678 113050
157 2384 1369 4073 151959
158 2409 100 2531 3020
159 2416 381 2894 22311
160 2437 2166 5101 302418
161 2454 259 2772 12507
162 2466 1968 4856 261914
163 2468 258 2776 12436
164 2490 396 2974 23642
165 2497 1136 3823 114865
166 2555 883 3697 78716
167 2566 641 3371 48686
168 2567 2118 5305 292422
169 2587 314 2958 16695
170 2606 759 3578 62731
171 2606 1227 4165 128940
172 2624 1014 3893 96867
173 2645 534 3309 37020
174 2658 547 3313 38380
175 2660 1429 4478 162057
176 2661 1470 4462 169082
177 2702 1031 3898 99314
178 2743 451 3282 28734
179 2745 560 3467 39756
180 2767 831 3828 71866
181 2780 912 3963 82625
182 2783 1197 4272 124240
183 2792 731 3659 59292
184 2800 1410 4455 158836
185 2803 1400 4452 157149
186 2808 1833 4921 235431
187 2819 855 3852 75001
188 2828 1042 4056 100907
189 2834 770 3767 64100
190 2841 455 3428 29117
191 2866 2700 6145 420888
192 2895 1696 5068 209536
193 2951 1383 4667 154296
194 2953 836 3945 72515
195 3052 426 3564 26378
196 3112 1534 4895 180243
197 3119 761 4032 62979
198 3134 1102 4513 109747
199 3155 559 3803 39650
200 3162 991 4332 93590
201 3167 584 3872 42339
202 3170 600 3948 44091
203 3173 983 4419 92459
204 3175 255 3496 12218
205 3211 266 3521 13020
206 3212 494 3837 32939
207 3220 726 4140 58685
208 3227 1436 5007 163249
209 3236 754 4215 62112
210 3237 832 4234 71996
211 3243 688 4131 54138
212 3253 1041 4592 100762
213 3259 452 3779 28831
214 3259 782 4211 65604
215 3267 1095 4686 108703
216 3273 978 4412 91755
217 3276 850 4323 74344
218 3311 857 4422 75265
219 3313 1162 4746 118831
220 3321 2776 6592 438783
221 3326 474 3912 30959
222 3361 2823 6694 449974
223 3363 459 3926 29502
224 3374 117 3509 3827
225 3415 576 4129 41472
226 3420 1054 4713 102655
227 3423 2440 6499 361581
228 3426 426 3956 26378
229 3451 1157 4876 118065
230 3456 290 3819 14817
231 3483 2388 6280 350084
232 3500 1716 5626 213254
233 3536 601 4242 44201
234 3583 1881 6007 244739
235 3607 778 4509 65102
236 3619 1769 5767 223209
237 3628 845 4687 73689
238 3629 870 4689 76984
239 3630 610 4339 45198
240 3637 1252 5180 132900
241 3642 913 4779 82761
242 3644 1173 5116 120522
243 3655 233 3935 10674
244 3667 1807 5897 230440
245 3699 2081 6232 284793
246 3701 911 4840 82489
247 3709 2661 7002 411802
248 3718 2301 6545 331128
249 3730 1269 5236 135617
250 3735 1896 5915 247673
251 3741 1607 5631 193261
252 3744 182 3956 7377
253 3747 697 4595 55204
254 3748 1324 5392 144528
255 3760 2162 6315 301581
256 3764 273 4116 13533
257 3796 194 4019 8118
258 3802 811 4828 69287
259 3807 126 3963 4254
260 3808 793 4764 66993
261 3825 1070 5063 105002
262 3828 410 4338 24906
263 3835 807 4809 68775
264 3841 1517 5798 177255
265 3866 574 4572 41256
266 3868 465 4468 30082
267 3893 783 4819 65730
268 3906 377 4380 21961
269 3923 2544 7084 384943
270 3935 863 5023 76056
271 3965 502 4558 33743
272 3976 971 5189 90771
273 4000 780 4955 65352
274 4008 722 4918 58200
275 4009 574 4697 41256
276 4009 553 4718 39013
277 4020 238 4296 11021
278 4025 1894 6432 247281
279 4033 1218 5591 127524
280 4063 1034 5378 99747
281 4072 771 5017 64225
282 4117 405 4609 24452
283 4152 479 4774 31450
284 4154 262 4464 12726
285 4200 523 4844 35882
286 4208 363 4661 20749
287 4213 2226 7006 315071
288 4214 1456 5932 166672
289 4232 888 5340 79385
290 4236 439 4794 27594
291 4258 377 4694 21962
292 4318 738 5267 60146
293 4340 1493 6063 173065
294 4378 268 4700 13165
295 4402 1208 5794 125957
296 4424 522 5030 35780
297 4426 593 5188 43321
298 4458 871 5506 77117
299 4492 450 5038 28638
300 4493 713 5335 57116
301 4494 422 5017 26007
302 4523 553 5208 39013
303 4552 1353 6183 149302
304 4579 901 5660 81135
305 4615 1351 6347 148971
306 4648 517 5272 35266
307 4650 1213 6134 126739
308 4652 212 4904 9266
309 4658 871 5762 77116
310 4669 1264 6197 134816
311 4697 204 4947 8745
312 4699 521 5317 35677
313 4727 870 5856 76984
314 4728 1561 6591 185023
315 4761 553 5460 39013
316 4778 1184 6215 122221
317 4781 1968 7105 261914
318 4796 1218 6342 127524
319 4857 731 5734 59292
320 4888 1074 6262 105591
321 4897 542 5594 37855
322 4912 893 6054 80057
323 4916 757 5790 62484
324 4928 1052 6262 102363
325 4931 628 5691 47213
326 4945 1090 6341 107959
327 4958 623 5734 46650
328 4967 1447 6811 165129
329 4968 669 5787 51911
330 4976 131 5137 4509
331 4979 387 5432 22841
332 4987 853 6068 74738
333 5002 2214 7687 312527
334 5004 1413 6734 159343
335 5037 104 5168 3195
336 5054 248 5361 11719
337 5085 1682 7070 206947
338 5086 1260 6646 134176
339 5093 2927 8638 475067
340 5102 606 5841 44754
341 5158 443 5669 27974
342 5160 884 6204 78850
343 5184 597 5895 43761
344 5185 1588 7181 189844
345 5223 583 5894 42231
346 5241 697 6085 55204
347 5242 397 5753 23731
348 5243 1355 6823 149634
349 5258 417 5769 25547
350 5276 1102 6673 109747
351 5345 2440 8495 361581
352 5347 179 5572 7189
353 5355 2023 7900 272970
354 5366 1014 6657 96867
355 5409 348 5832 19477
356 5409 907 6561 81947
357 5410 1331 6942 145676
358 5423 466 6023 30179
359 5442 1142 6831 115776
360 5443 2124 8061 293665
361 5451 583 6143 42231
362 5463 393 5958 23373
363 5476 772 6372 64350
364 5482 875 6602 77648
365 5498 1638 7585 198880
366 5546 755 6438 62236
367 5565 620 6353 46313
368 5571 385 6059 22663
369 5574 205 5829 8809
370 5575 298 5934 15435
371 5585 296 5937 15280
372 5590 702 6421 55799
373 5619 241 5907 11228
374 5621 812 6664 69415
375 5624 2408 8421 354491
376 5637 1667 7761 204185
377 5647 697 6485 55204
378 5668 3344 9775 580123
379 5668 877 6781 77915
380 5670 961 6902 89373
381 5672 763 6588 63228
382 5685 824 6689 70960
383 5686 568 6374 40611
384 5690 705 6502 56158
385 5738 2032 8165 274793
386 5744 1777 7909 224725
387 5776 125 5927 4207
388 5777 266 6111 13017
389 5789 471 6357 30666
390 5793 1500 7628 174284
391 5806 1801 7993 229293
392 5806 1327 7479 145019
393 5808 347 6251 19392
394 5818 577 6527 41580
395 5823 1155 7288 117759
396 5832 712 6682 56996
397 5842 646 6637 49257
398 5845 653 6629 50060
399 5867 1697 7923 209722
400 5889 1230 7438 129413
401 5904 677 6772 52845
402 5906 1044 7125 101198
403 5929 310 6315 16376
404 5939 577 6652 41580
405 5951 1598 7817 191640
406 5973 228 6242 10334
407 6031 1240 7514 130994
408 6046 123 6190 4115
409 6048 2236 8701 317196
410 6056 567 6730 40504
411 6068 1093 7379 108405
412 6091 910 7239 82353
413 6091 932 7242 85358
414 6093 1031 7431 99313
415 6102 193 6335 8049
416 6132 945 7325 87150
417 6139 741 7088 60513
418 6142 570 6855 40826
419 6144 471 6714 30666
420 6155 960 7367 89233
421 6198 397 6666 23732
422 6207 1580 8101 188411
423 6217 1143 7625 115928
424 6218 998 7451 94584
425 6236 1540 8012 181302
426 6246 166 6460 6420
427 6268 301 6645 15668
428 6313 1175 7751 120831
429 6318 491 6951 32639
430 6337 539 6992 37541
431 6344 266 6689 13016
432 6352 398 6840 23821
433 6353 1602 8222 192360
434 6361 1158 7825 118218
435 6376 953 7568 88259
436 6401 554 7102 39119
437 6410 914 7591 82897
438 6416 1687 8552 207871
439 6420 501 7042 33642
440 6439 823 7491 70830
441 6465 2319 9366 335021
442 6468 1316 8061 143220
443 6468 559 7185 39650
444 6469 1251 7949 132741
445 6474 224 6755 10060
446 6516 801 7543 68009
447 6538 1250 8112 132582
448 6555 1080 7909 106477
449 6563 1243 8132 131470
450 6564 1417 8292 160020
451 6574 1134 8026 114562
452 6583 1114 7898 111544
453 6588 967 7718 90211
454 6589 363 7021 20750
455 6591 1602 8561 192360
456 6593 820 7598 70443
457 6599 1297 8250 140130
458 6614 1502 8432 174633
459 6626 580 7335 41905
460 6628 618 7339 46090
461 6642 678 7463 52962
462 6652 1787 8880 226625
463 6683 427 7175 26472
464 6687 1973 9039 262912
465 6707 960 7840 89233
466 6708 1005 7870 95581
467 6789 1462 8575 167703
468 6796 891 7844 79788
469 6846 1612 8879 194164
470 6892 580 7632 41905
471 6905 1935 9288 255354
472 6919 612 7712 45420
473 6919 1979 9328 264113
474 6963 624 7728 46763
475 6976 692 7874 54611
476 6980 388 7439 22930
477 6980 474 7592 30959
478 6990 823 7941 70831
479 6993 985 8191 92742
480 7006 1542 8795 181655
481 7011 726 7925 58685
482 7016 349 7449 19560
483 7064 1081 8421 106625
484 7069 942 8205 86735
485 7084 1158 8479 118218
486 7094 527 7703 36295
487 7122 574 7812 41256
488 7151 527 7830 36294
489 7160 1724 9240 214747
490 7161 1946 9641 257534
491 7166 556 7875 39331
492 7170 564 7850 40183
493 7186 1260 8754 134176
494 7190 2077 9608 283972
495 7226 2347 9961 341107
496 7241 538 7863 37437
497 7269 639 8059 48459
498 7295 1018 8530 97441
499 7355 1049 8647 101926
500 7395 745 8309 61003
501 7398 463 7954 29888
502 7427 824 8458 70959
503 7430 2345 10393 340671
504 7446 580 8114 41906
505 7461 978 8616 91755
506 7468 3278 11588 563034
507 7470 574 8163 41256
508 7480 1297 9100 140130
509 7480 2406 10372 354050
510 7537 1229 9022 129255
511 7544 1651 9481 201252
512 7547 1406 9218 158161
513 7557 1168 9006 119752
514 7570 1908 9888 250028
515 7594 1272 9204 136098
516 7597 750 8555 61619
517 7605 929 8748 84946
518 7611 1072 8965 105296
519 7616 637 8377 48232
520 7651 957 8811 88815
521 7659 870 8752 76984
522 7661 1269 9193 135617
523 7684 2789 11137 441869
524 7703 993 8872 93874
525 7718 2108 10331 290353
526 7730 1241 9317 131153
527 7742 954 8963 88398
528 7758 612 8528 45420
529 7763 959 8973 89094
530 7815 921 8951 83851
531 7818 502 8439 33743
532 7823 561 8479 39863
533 7833 1078 9144 106181
534 7835 2095 10385 287671
535 7866 805 8907 68519
536 7888 255 8197 12219
537 7901 106 8031 3291
538 7913 382 8382 22399
539 7922 1317 9562 143383
540 7927 301 8306 15668
541 7929 1448 9643 165300
542 7935 1273 9499 136258
543 7938 787 8940 66234
544 7939 505 8554 34046
545 7980 712 8828 56996
546 7982 1060 9305 103533
547 8016 309 8409 16296
548 8016 1970 10300 262313
549 8017 1055 9353 102801
550 8036 1132 9477 114259
551 8043 1267 9587 135296
552 8068 1857 10477 240070
553 8088 960 9305 89233
554 8125 1317 9792 143383
555 8148 511 8792 34654
556 8155 2353 10914 342416
557 8182 918 9267 83442
558 8199 510 8820 34553
559 8210 612 8938 45420
560 8224 157 8414 5910
561 8244 609 9025 45086
562 8277 100 8404 3013
563 8315 1378 10029 153460
564 8333 1111 9753 111094
565 8350 401 8858 24090
566 8353 815 9342 69800
567 8365 840 9356 73036
568 8386 337 8799 18561
569 8389 722 9299 58200
570 8392 858 9434 75396
571 8418 709 9304 56636
572 8436 509 9028 34452
573 8448 389 8938 23017
574 8458 692 9338 54611
575 8491 555 9188 39225
576 8547 1215 10120 127053
577 8548 1926 11001 253574
578 8549 1492 10466 172891
579 8556 877 9687 77915
580 8566 523 9230 35882
581 8578 1466 10412 168392
582 8584 1262 10036 134496
583 8588 1845 10838 237747
584 8605 961 9792 89373
585 8611 2280 11336 326605
586 8652 961 9803 89373
587 8662 521 9336 35676
588 8680 594 9442 43431
589 8682 1179 10188 121448
590 8707 554 9377 39119
591 8711 2270 11326 324459
592 8733 1118 10032 112146
593 8767 865 9802 76321
594 8811 913 9863 82761
595 8835 703 9645 55919
596 8848 202 9108 8615
597 8851 595 9598 43541
598 8859 2104 11376 289527
599 8921 978 10065 91755
600 8931 1596 10888 191280
601 8967 1624 10835 196336
602 8988 821 10047 70572
603 8988 1275 10533 136579
604 9009 223 9278 9995
605 9010 2004 11432 269133
606 9061 1906 11272 249635
607 9077 1159 10520 118371
608 9080 1001 10341 95010
609 9083 828 10119 71477
610 9094 1709 11094 211950
611 9101 1367 10791 151626
612 9101 652 9906 49945
613 9120 350 9568 19644
614 9131 297 9489 15357
615 9134 1698 11181 209907
616 9165 816 10179 69929
617 9168 1146 10594 116385
618 9171 887 10253 79251
619 9190 300 9554 15590
620 9203 228 9482 10332
621 9215 620 10008 46313
622 9227 658 10029 50636
623 9242 657 10090 50520
624 9298 671 10120 52144
625 9324 2680 12787 416220
626 9326 1581 11341 188590
627 9342 987 10530 93024
628 9370 803 10397 68264
629 9388 821 10345 70573
630 9405 1336 11126 146497
631 9428 798 10421 67628
632 9429 1484 11147 171503
633 9433 1058 10751 103240
634 9449 2695 12942 419719
635 9456 766 10344 63601
636 9467 1650 11501 201070
637 9475 376 9949 21873
638 9493 533 10170 36916
639 9495 2483 12504 371181
640 9496 1446 11203 164958
641 9501 1160 10842 118524
642 9569 3105 13409 519055
643 9591 810 10577 69159
644 9649 1648 11778 200704
645 9655 1722 11650 214373
646 9702 2168 12418 302837
647 9714 341 10107 18894
648 9738 806 10685 68647
649 9744 1046 11018 101489
650 9748 2147 12363 298448
651 9764 1131 11180 114107
652 9779 1724 11996 214747
653 9783 317 10177 16933
654 9784 684 10668 53667
655 9797 1902 12235 248849
656 9802 747 10726 61249
657 9821 851 10906 74476
658 9836 2126 12485 294080
659 9889 444 10404 28068
660 9915 527 10579 36294
661 9959 289 10295 14743
662 9968 2177 12665 304725
663 10004 1564 11967 185556
664 10033 1539 11818 181125
665 10037 670 10830 52028
666 10039 270 10386 13311
667 10058 208 10316 9003
668 10070 1910 12337 250421
669 10081 1208 11595 125956
670 10082 1356 11762 149799
671 10101 1014 11343 96867
672 10135 480 10757 31549
673 10188 692 11054 54611
674 10193 394 10668 23463
675 10197 355 10647 20067
676 10202 1486 12108 171850
677 10207 224 10468 10064
678 10211 396 10678 23642
679 10213 721 11065 58080
680 10233 905 11367 81676
681 10238 286 10592 14512
682 10244 1121 11637 112597
683 10270 978 11532 91755
684 10288 1891 12682 246694
685 10288 914 11356 82897
686 10293 1194 11728 123773
687 10332 501 10940 33642
688 10343 517 10968 35266
689 10348 312 10738 16534
690 10350 505 10998 34045
691 10366 685 11185 53785
692 10378 1779 12571 225105
693 10380 449 10949 28543
694 10386 2766 13739 436414
695 10403 1260 11883 134176
696 10410 1102 11755 109747
697 10433 868 11438 76719
698 10469 761 11451 62979
699 10485 562 11137 39970
700 10503 276 10838 13758
701 10516 461 11082 29695
702 10526 2174 13347 304095
703 10533 1212 11956 126583
704 10534 2162 13057 301581
705 10541 551 11175 38802
706 10559 384 11009 22576
707 10572 862 11590 75924
708 10576 474 11165 30959
709 10582 984 11746 92600
710 10601 228 10863 10336
711 10614 139 10791 4923
712 10621 1076 11917 105886
713 10640 2210 13298 311680
714 10651 1106 11973 110345
715 10661 1205 12223 125487
716 10685 887 11727 79251
717 10692 944 11904 87012
718 10693 264 11027 12870
719 10704 487 11269 32243
720 10717 1768 13011 223020
721 10719 674 11521 52494
722 10750 1747 12784 219058
723 10759 926 11939 84535
724 10847 957 12048 88815
725 10849 678 11691 52962
726 10859 1317 12404 143383
727 10860 1518 12714 177430
728 10863 468 11455 30373
729 10878 287 11221 14589
730 10886 167 11085 6484
731 10906 1168 12249 119753
732 10913 1086 12190 107366
733 10980 3230 15118 550712
734 10993 890 12075 79654
735 11023 787 12044 66234
736 11033 1005 12248 95580
737 11049 1041 12357 100762
738 11120 746 12009 61126
739 11150 479 11726 31451
740 11172 859 12184 75528
741 11181 838 12188 72776
742 11185 829 12206 71606
743 11196 1403 13018 157655
744 11222 848 12281 74082
745 11246 292 11590 14972
746 11307 540 11931 37646
747 11308 740 12173 60391
748 11332 876 12413 77781
749 11350 1184 12847 122221
750 11363 880 12499 78315
751 11365 142 11528 5099
752 11372 322 11767 17336
753 11381 1236 12889 130361
754 11390 726 12296 58685
755 11411 931 12559 85221
756 11424 663 12254 51214
757 11426 538 12097 37437
758 11431 681 12226 53314
759 11456 938 12647 86183
760 11462 844 12448 73559
761 11467 1512 13364 176379
762 11477 246 11775 11578
763 11486 277 11825 13833
764 11498 720 12423 57959
765 11515 1193 13046 123618
766 11528 1356 13253 149799
767 11531 553 12209 39013
768 11564 100 11690 3014
769 11590 567 12285 40504
770 11594 1088 12987 107662
771 11595 834 12604 72255
772 11606 1220 13186 127838
773 11613 1731 13845 216056
774 11617 755 12569 62236
775 11623 613 12353 45532
776 11627 431 12131 26845
777 11641 275 11992 13682
778 11654 215 11906 9464
779 11680 514 12336 34960
780 11684 1590 13629 190202
781 11691 1294 13258 139644
782 11704 592 12465 43212
783 11715 2781 15165 439969
784 11738 541 12406 37750
785 11751 1830 14008 234854
786 11755 2091 14276 286848
787 11767 1134 13204 114562
788 11777 511 12384 34655
789 11788 650 12627 49715
790 11796 953 13019 88259
791 11798 282 12136 14209
792 11826 400 12329 24000
793 11834 373 12295 21612
794 11836 1189 13263 122997
795 11837 1721 14071 214186
796 11842 1325 13370 144692
797 11849 1552 13692 183425
798 11863 479 12451 31451
799 11867 671 12691 52144
800 11883 707 12758 56396
801 11894 1132 13323 114259
802 11897 525 12549 36088
803 11908 1494 13760 173239
804 11924 2057 14306 279880
805 11927 1168 13336 119752
806 11944 651 12715 49830
807 11944 447 12475 28353
808 11948 374 12409 21699
809 11950 143 12118 5146
810 11951 722 12813 58201
811 11956 694 12778 54848
812 11989 1438 13847 163591
813 11992 550 12702 38696
814 12001 750 12932 61619
815 12014 1015 13322 97010
816 12015 1157 13481 118065
817 12021 1338 13678 146826
818 12043 950 13136 87843
819 12050 296 12424 15279
820 12063 1093 13435 108405
821 12070 521 12717 35676
822 12088 1770 14325 223399
823 12091 855 13140 75001
824 12096 988 13336 93165
825 12145 3385 16512 590825
826 12180 1352 13811 149137
827 12188 1081 13545 106625
828 12198 766 13133 63601
829 12236 318 12633 17013
830 12237 729 13158 59049
831 12285 443 12797 27974
832 12288 2207 15040 311046
833 12306 1090 13596 107959
834 12310 1731 14474 216056
835 12336 539 12993 37541
836 12355 468 12947 30373
837 12364 1272 13850 136098
838 12369 430 12903 26750
839 12413 616 13147 45866
840 12413 2269 15312 324244
841 12424 634 13241 47891
842 12449 263 12790 12797
843 12452 182 12683 7370
844 12458 235 12754 10810
845 12474 1792 14592 227577
846 12497 564 13174 40183
847 12512 3322 16564 574408
848 12555 2071 15176 282742
849 12605 2593 15942 396118
850 12641 1576 14498 187696
851 12649 1230 14233 129413
852 12691 455 13261 29117
853 12718 840 13760 73036
854 12721 1308 14264 141916
855 12728 1517 14485 177255
856 12737 343 13160 19058
857 12743 736 13661 59901
858 12782 796 13722 67374
859 12820 774 13774 64600
860 12828 381 13315 22311
861 12829 2413 15906 355596
862 12834 720 13762 57959
863 12845 403 13330 24271
864 12866 2449 15799 363583
865 12867 2072 15482 282947
866 12869 926 13993 84535
867 12871 603 13572 44422
868 12903 219 13164 9728
869 12906 1172 14327 120368
870 12916 573 13600 41149
871 12935 827 13927 71347
872 12936 2320 15706 335238
873 12952 543 13579 37960
874 12966 1141 14387 115624
875 12982 1362 14670 150795
876 12991 1759 15186 221319
877 13002 787 13929 66234
878 13104 731 13977 59292
879 13109 720 14003 57959
880 13120 1071 14447 105149
881 13127 2020 15603 272363
882 13146 696 13982 55085
883 13151 100 13279 3012
884 13154 1458 14905 167015
885 13168 881 14241 78448
886 13193 1174 14662 120676
887 13200 226 13478 10196
888 13216 574 13905 41256
889 13239 1385 14922 154630
890 13283 309 13675 16296
891 13291 1139 14648 115320
892 13305 822 14267 70702
893 13324 488 13908 32341
894 13324 458 13909 29405
895 13324 384 13770 22577
896 13331 878 14471 78048
897 13333 948 14500 87565
898 13339 650 14182 49715
899 13341 365 13812 20920
900 13341 1118 14702 112146
901 13355 1474 15093 169772
902 13364 1249 14831 132423
903 13370 2657 16521 410873
904 13379 742 14311 60635
905 13386 1901 15649 248653
906 13392 524 14021 35985
907 13395 463 13958 29888
908 13399 914 14575 82897
909 13401 2158 15944 300745
910 13411 686 14200 53903
911 13412 226 13673 10200
912 13424 1457 15297 166844
913 13467 799 14463 67755
914 13527 1025 14747 98448
915 13577 481 14142 31648
916 13654 910 14740 82354
917 13691 257 13990 12365
918 13701 2436 16846 360692
919 13703 1625 15762 196517
920 13705 882 14780 78582
921 13732 1431 15563 162398
922 13735 525 14358 36088
923 13749 1581 15737 188590
924 13752 665 14602 51446
925 13767 632 14527 47665
926 13770 405 14281 24452
927 13778 1109 15102 110794
928 13790 857 14813 75265
929 13839 1938 16098 255948
930 13851 368 14298 21179
931 13860 1113 15261 111394
932 13865 1722 16088 214373
933 13869 959 15058 89094
934 13893 656 14732 50405
935 13912 943 15112 86873
936 13913 1845 16082 237747
937 13917 1845 16173 237747
938 13963 776 14869 64851
939 13969 1826 16255 234084
940 13969 830 15041 71736
941 13979 1422 15643 160868
942 13989 1197 15497 124240
943 13993 637 14785 48231
944 14002 417 14518 25547
945 14019 1750 16133 219623
946 14027 2049 16492 278249
947 14039 1095 15305 108703
948 14047 829 15027 71607
949 14072 331 14453 18070
950 14075 1722 16205 214373
951 14087 1016 15271 97154
952 14115 702 15014 55799
953 14118 1447 15895 165129
954 14122 283 14477 14284
955 14135 390 14607 23107
956 14138 511 14768 34654
957 14143 1172 15656 120368
958 14163 949 15266 87704
959 14177 1261 15675 134336
960 14234 1651 16325 201252
961 14238 1290 15740 138997
962 14270 2467 17135 367599
963 14325 1649 16310 200887
964 14338 775 15239 64725
965 14350 572 15057 41041
966 14366 792 15303 66867
967 14376 1318 16068 143547
968 14385 617 15167 45978
969 14460 1341 16142 147321
970 14482 1246 16030 131946
971 14489 412 15016 25088
972 14519 1631 16449 197607
973 14562 1071 15933 105149
974 14607 2395 17644 351624
975 14609 832 15659 71995
976 14609 681 15449 53314
977 14646 371 15086 21439
978 14696 366 15140 21007
979 14730 1513 16650 176554
980 14743 2252 17343 320607
981 14744 784 15737 65856
982 14747 750 15636 61619
983 14766 883 15800 78716
984 14770 1699 16753 210092
985 14794 415 15272 25365
986 14820 986 16031 92883
987 14823 1534 16637 180243
988 14824 1164 16335 119138
989 14842 100 14965 3018
990 14852 1294 16366 139644
991 14890 1170 16356 120060
992 14895 1900 17335 248457
993 14895 2145 17601 298031
994 14928 1843 17068 237361
995 14937 886 16074 79117
996 14947 218 15223 9659
997 14953 746 15828 61127
998 14958 868 15962 76719
999 14967 2234 17722 316771
1000 14973 484 15540 31945
