1 0 570 689 40826
2 3 496 583 33140
3 6 292 343 14974
4 9 1414 1795 159512
5 12 2605 3250 398871
6 15 1507 1907 175505
7 18 1711 2040 212322
8 21 475 576 31058
9 24 1070 1256 105002
10 27 1303 1593 141103
11 30 100 153 3018
12 33 363 471 20750
13 36 2062 2542 280901
14 39 247 356 11647
15 42 1873 2293 243180
16 45 246 346 11578
17 48 377 525 21961
18 51 1082 1359 106773
19 54 841 1099 73167
20 57 610 837 45198
21 60 2016 2665 271554
22 63 299 413 15514
23 66 722 996 58200
24 69 1168 1498 119752
25 72 965 1219 89931
26 75 508 694 34350
27 78 521 753 35676
28 81 1361 1746 150629
29 84 1400 1763 157149
30 87 982 1309 92318
31 90 429 598 26658
32 93 533 712 36917
33 96 791 1020 66740
34 100 868 1114 76719
35 103 1139 1438 115320
36 106 696 920 55085
37 109 1342 1781 147485
38 112 1333 1681 146004
39 115 1745 2212 218682
40 118 814 1163 69672
41 121 992 1332 93732
42 124 733 1040 59535
43 127 433 636 27032
44 130 2570 3159 390859
45 133 1615 2000 194706
46 136 1316 1682 143220
47 139 795 1086 67247
48 142 405 618 24453
49 145 1460 1843 167359
50 148 724 993 58443
51 151 1049 1429 101926
52 154 532 782 36813
53 157 944 1294 87012
54 160 556 841 39331
55 163 571 878 40933
56 166 935 1246 85771
57 169 243 477 11366
58 172 253 486 12075
59 175 470 721 30569
60 178 691 1063 54492
61 181 1367 1941 151626
62 184 718 1016 57718
63 187 792 1130 66867
64 190 655 1022 50290
65 193 991 1443 93590
66 196 430 702 26751
67 200 744 1078 60881
68 203 1042 1459 100907
69 206 931 1344 85221
70 209 809 1214 69031
71 212 816 1195 69929
72 215 1106 1563 110345
73 218 2643 3553 407630
74 221 452 743 28830
75 224 2687 3415 417852
76 227 437 776 27406
77 230 112 373 3566
78 233 548 905 38485
79 236 1003 1469 95295
80 239 2322 2946 335671
81 242 405 734 24452
82 245 1101 1599 109598
83 248 276 575 13759
84 251 2273 2956 325102
85 254 1633 2224 197970
86 257 572 916 41042
87 260 1791 2406 227386
88 263 741 1138 60513
89 266 1684 2285 207316
90 269 805 1209 68520
91 272 828 1334 71477
92 275 580 993 41905
93 278 1192 1770 123462
94 281 870 1384 76984
95 284 1117 1652 111995
96 287 222 545 9930
97 290 1720 2406 214000
98 293 1981 2745 264513
99 296 867 1389 76586
100 300 2533 3376 382449
