1 0 1161 1424 118677
2 0 766 973 63601
3 0 715 849 57356
4 0 715 848 57356
5 1 2110 2554 290766
6 1 1363 1751 150961
7 1 601 692 44202
8 2 1193 1535 123618
9 2 989 1162 93307
10 2 152 199 5626
11 3 385 500 22663
12 3 1036 1271 100037
13 3 1992 2447 266719
14 3 720 883 57959
15 4 568 711 40611
16 4 908 1060 82082
17 4 543 631 37960
18 5 687 800 54021
19 5 835 1020 72385
20 5 370 445 21353
21 6 1407 1755 158329
22 6 319 420 17093
23 6 288 353 14665
24 6 960 1192 89233
25 7 1341 1632 147321
26 7 945 1213 87150
27 7 778 1006 65101
28 8 682 882 53431
29 8 605 792 44643
30 8 1605 1860 192900
31 9 1042 1338 100907
32 9 641 818 48686
33 9 511 614 34655
34 9 1244 1618 131629
35 10 1582 1864 188769
36 10 1497 1884 173761
37 10 447 539 28353
38 11 678 834 52962
39 11 597 761 43760
40 11 740 924 60390
41 12 1399 1710 156981
42 12 1883 2269 245130
43 12 1067 1373 104560
44 12 524 625 35985
45 13 822 1011 70701
46 13 2094 2704 287465
47 13 893 1153 80057
48 14 683 840 53549
49 14 723 928 58321
50 14 1064 1368 104120
51 15 459 604 29501
52 15 586 736 42557
53 15 1484 1767 171503
54 15 1045 1256 101343
55 16 900 1090 81000
56 16 1529 1910 179362
57 16 501 594 33643
58 17 668 848 51795
59 17 1023 1249 98160
60 17 1001 1212 95010
61 18 263 355 12797
62 18 623 777 46650
63 18 754 895 62113
64 18 1095 1413 108703
65 19 999 1174 94726
66 19 801 1027 68009
67 19 151 210 5572
68 20 828 1015 71477
69 20 877 1137 77915
70 20 3188 3932 540006
71 21 737 919 60024
72 21 1027 1209 98736
73 21 1681 2027 206763
74 21 1351 1763 148971
75 22 1929 2353 254167
76 22 267 350 13091
77 22 393 505 23373
78 23 558 714 39543
79 23 229 288 10403
80 23 882 1085 78582
81 24 418 550 25638
82 24 2080 2478 284587
83 24 469 577 30471
84 24 671 796 52145
85 25 1400 1726 157149
86 25 316 430 16853
87 25 216 275 9532
88 26 952 1148 88120
89 26 1000 1222 94868
90 26 1375 1758 152959
91 27 1178 1494 121294
92 27 1024 1268 98304
93 27 510 671 34552
94 27 983 1247 92459
95 28 1022 1340 98016
96 28 496 659 33139
97 28 2427 2911 358695
98 29 1144 1391 116080
99 29 399 495 23912
100 29 1379 1684 153627
101 30 1524 2011 178483
102 30 1102 1364 109747
103 30 710 869 56756
104 30 480 636 31549
105 31 800 1016 67882
106 31 1054 1266 102655
107 31 850 1057 74344
108 32 1980 2432 264313
109 32 1254 1615 133219
110 32 440 539 27690
111 33 365 467 20922
112 33 1150 1444 116995
113 33 721 891 58080
114 33 1321 1676 144037
115 34 1144 1432 116080
116 34 802 999 68137
117 34 444 607 28067
118 35 238 331 11018
119 35 971 1170 90771
120 35 311 418 16455
121 36 431 582 26844
122 36 934 1209 85633
123 36 876 1066 77782
124 36 342 479 18975
125 37 1628 2018 197062
126 37 1602 1917 192360
127 37 1173 1417 120522
128 38 1172 1403 120368
129 38 1173 1528 120522
130 38 1516 1809 177080
131 39 1274 1528 136419
132 39 473 643 30861
133 39 714 897 57236
134 39 2986 3486 489503
135 40 161 226 6144
136 40 600 742 44091
137 40 1633 1970 197970
138 41 496 660 33139
139 41 1295 1560 139806
140 41 869 1055 76851
141 42 521 700 35676
142 42 133 208 4610
143 42 954 1201 88398
144 42 465 615 30082
145 43 778 974 65101
146 43 1167 1469 119599
147 43 1442 1810 164274
148 44 599 767 43981
149 44 521 713 35676
150 44 307 397 16141
151 45 1486 1928 171850
152 45 2737 3243 429569
153 45 1583 2054 188948
154 45 1797 2277 228530
155 46 499 682 33440
156 46 1124 1355 113050
157 46 1369 1735 151959
158 47 100 169 3020
159 47 381 525 22311
160 47 2166 2711 302418
161 48 259 366 12507
162 48 1968 2438 261914
163 48 258 356 12436
164 48 396 532 23642
165 49 1136 1375 114865
166 49 883 1191 78716
167 49 641 854 48686
168 50 2118 2788 292422
169 50 314 421 16695
170 50 759 1022 62731
171 51 1227 1610 128940
172 51 1014 1320 96867
173 51 534 715 37020
174 51 547 706 38380
175 52 1429 1870 162057
176 52 1470 1853 169082
177 52 1031 1248 99314
178 53 451 592 28734
179 53 560 775 39756
180 53 831 1114 71866
181 54 912 1237 82625
182 54 1197 1543 124240
183 54 731 921 59292
184 54 1410 1709 158836
185 55 1400 1704 157149
186 55 1833 2168 235431
187 55 855 1088 75001
188 56 1042 1284 100907
189 56 770 989 64100
190 56 455 643 29117
191 57 2700 3336 420888
192 57 1696 2230 209536
193 57 1383 1773 154296
194 57 836 1049 72515
195 58 426 570 26378
196 58 1534 1841 180243
197 58 761 971 62979
198 59 1102 1438 109747
199 59 559 707 39650
200 59 991 1229 93590
201 60 584 765 42339
202 60 600 838 44091
203 60 983 1306 92459
204 60 255 381 12218
205 61 266 371 13020
206 61 494 686 32939
207 61 726 981 58685
208 62 1436 1842 163249
209 62 754 1041 62112
210 62 832 1059 71996
211 63 688 951 54138
212 63 1041 1402 100762
213 63 452 583 28831
214 63 782 1015 65604
215 64 1095 1483 108703
216 64 978 1203 91755
217 64 850 1111 74344
218 65 857 1176 75265
219 65 1162 1498 118831
220 65 2776 3336 438783
221 66 474 652 30959
222 66 2823 3399 449974
223 66 459 629 29502
224 66 117 201 3827
225 67 576 781 41472
226 67 1054 1360 102655
227 67 2440 3143 361581
228 68 426 598 26378
229 68 1157 1493 118065
230 68 290 431 14817
231 69 2388 2866 350084
232 69 1716 2195 213254
233 69 601 775 44201
234 69 1881 2493 244739
235 70 778 972 65102
236 70 1769 2218 223209
237 70 845 1129 73689
238 71 870 1131 76984
239 71 610 780 45198
240 71 1252 1614 132900
241 72 913 1209 82761
242 72 1173 1544 120522
243 72 233 352 10674
244 72 1807 2302 230440
245 73 2081 2606 284793
246 73 911 1212 82489
247 73 2661 3366 411802
248 74 2301 2901 331128
249 74 1269 1580 135617
250 74 1896 2254 247673
251 75 1607 1965 193261
252 75 182 287 7377
253 75 697 923 55204
254 75 1324 1719 144528
255 76 2162 2631 301581
256 76 273 428 13533
257 76 194 299 8118
258 77 811 1103 69287
259 77 126 233 4254
260 77 793 1033 66993
261 78 1070 1316 105002
262 78 410 588 24906
263 78 807 1052 68775
264 78 1517 2035 177255
265 79 574 785 41256
266 79 465 679 30082
267 79 783 1005 65730
268 80 377 554 21961
269 80 2544 3241 384943
270 80 863 1168 76056
271 81 502 674 33743
272 81 971 1294 90771
273 81 780 1036 65352
274 81 722 991 58200
275 82 574 770 41256
276 82 553 791 39013
277 82 238 358 11021
278 83 1894 2490 247281
279 83 1218 1641 127524
280 83 1034 1398 99747
281 84 771 1029 64225
282 84 405 576 24452
283 84 479 706 31450
284 84 262 394 12726
285 85 523 729 35882
286 85 363 538 20749
287 85 2226 2878 315071
288 86 1456 1804 166672
289 86 888 1194 79385
290 86 439 644 27594
291 87 377 523 21962
292 87 738 1036 60146
293 87 1493 1810 173065
294 87 268 409 13165
295 88 1208 1480 125957
296 88 522 694 35780
297 88 593 850 43321
298 89 871 1137 77117
299 89 450 635 28638
300 89 713 931 57116
301 90 422 613 26007
302 90 553 775 39013
303 90 1353 1721 149302
304 90 901 1171 81135
305 91 1351 1823 148971
306 91 517 715 35266
307 91 1213 1575 126739
308 92 212 344 9266
309 92 871 1196 77116
310 92 1264 1620 134816
311 93 204 343 8745
312 93 521 711 35677
313 93 870 1222 76984
314 93 1561 1956 185023
315 94 553 793 39013
316 94 1184 1531 122221
317 94 1968 2418 261914
318 95 1218 1641 127524
319 95 731 972 59292
320 95 1074 1469 105591
321 96 542 793 37855
322 96 893 1238 80057
323 96 757 970 62484
324 96 1052 1430 102363
325 97 628 857 47213
326 97 1090 1493 107959
327 97 623 873 46650
328 98 1447 1942 165129
329 98 669 917 51911
330 98 131 259 4509
331 99 387 552 22841
332 99 853 1180 74738
333 99 2214 2784 312527
334 100 1413 1830 159343
335 100 104 231 3195
336 100 248 407 11719
337 100 1682 2085 206947
338 101 1260 1661 134176
339 101 2927 3646 475067
340 101 606 840 44754
341 102 443 613 27974
342 102 884 1146 78850
343 102 597 813 43761
344 103 1588 2099 189844
345 103 583 774 42231
346 103 697 947 55204
347 103 397 614 23731
348 104 1355 1684 149634
349 104 417 615 25547
350 104 1102 1501 109747
351 105 2440 3255 361581
352 105 179 330 7189
353 105 2023 2650 272970
354 106 1014 1397 96867
355 106 348 529 19477
356 106 907 1258 81947
357 106 1331 1638 145676
358 107 466 707 30179
359 107 1142 1496 115776
360 107 2124 2725 293665
361 108 583 800 42231
362 108 393 603 23373
363 108 772 1004 64350
364 109 875 1229 77648
365 109 1638 2196 198880
366 109 755 1001 62236
367 109 620 897 46313
368 110 385 598 22663
369 110 205 365 8809
370 110 298 469 15435
371 111 296 463 15280
372 111 702 942 55799
373 111 241 399 11228
374 112 812 1155 69415
375 112 2408 2909 354491
376 112 1667 2236 204185
377 112 697 950 55204
378 113 3344 4220 580123
379 113 877 1226 77915
380 113 961 1345 89373
381 114 763 1030 63228
382 114 824 1118 70960
383 114 568 802 40611
384 115 705 927 56158
385 115 2032 2542 274793
386 115 1777 2280 224725
387 115 125 266 4207
388 116 266 450 13017
389 116 471 684 30666
390 116 1500 1951 174284
391 117 1801 2304 229293
392 117 1327 1790 145019
393 117 347 560 19392
394 118 577 827 41580
395 118 1155 1583 117759
396 118 712 968 56996
397 118 646 913 49257
398 119 653 903 50060
399 119 1697 2175 209722
400 119 1230 1668 129413
401 120 677 988 52845
402 120 1044 1339 101198
403 120 310 506 16376
404 121 577 834 41580
405 121 1598 1987 191640
406 121 228 390 10334
407 121 1240 1604 130994
408 122 123 266 4115
409 122 2236 2775 317196
410 122 567 796 40504
411 123 1093 1434 108405
412 123 910 1271 82353
413 123 932 1274 85358
414 124 1031 1462 99313
415 124 193 357 8049
416 124 945 1317 87150
417 124 741 1073 60513
418 125 570 838 40826
419 125 471 695 30666
420 125 960 1337 89233
421 126 397 594 23732
422 126 1580 2020 188411
423 126 1143 1534 115928
424 127 998 1360 94584
425 127 1540 1903 181302
426 127 166 341 6420
427 127 301 504 15668
428 128 1175 1566 120831
429 128 491 761 32639
430 128 539 783 37541
431 129 266 474 13016
432 129 398 617 23821
433 129 1602 1998 192360
434 130 1158 1594 118218
435 130 953 1322 88259
436 130 554 831 39119
437 130 914 1311 82897
438 131 1687 2267 207871
439 131 501 753 33642
440 131 823 1183 70830
441 132 2319 3033 335021
442 132 1316 1725 143220
443 132 559 849 39650
444 133 1251 1613 132741
445 133 224 414 10060
446 133 801 1160 68009
447 133 1250 1707 132582
448 134 1080 1488 106477
449 134 1243 1703 131470
450 134 1417 1862 160020
451 135 1134 1587 114562
452 135 1114 1450 111544
453 135 967 1265 90211
454 136 363 568 20750
455 136 1602 2106 192360
456 136 820 1141 70443
457 136 1297 1787 140130
458 137 1502 1955 174633
459 137 580 846 41905
460 137 618 848 46090
461 138 678 959 52962
462 138 1787 2366 226625
463 138 427 630 26472
464 139 1973 2491 262912
465 139 960 1272 89233
466 139 1005 1301 95581
467 139 1462 1925 167703
468 140 891 1188 79788
469 140 1612 2173 194164
470 140 580 880 41905
471 141 1935 2524 255354
472 141 612 934 45420
473 141 1979 2550 264113
474 142 624 907 46763
475 142 692 1040 54611
476 142 388 601 22930
477 142 474 754 30959
478 143 823 1094 70831
479 143 985 1341 92742
480 143 1542 1932 181655
481 144 726 1058 58685
482 144 349 577 19560
483 144 1081 1501 106625
484 145 942 1281 86735
485 145 1158 1540 118218
486 145 527 754 36295
487 145 574 835 41256
488 146 527 825 36294
489 146 1724 2226 214747
490 146 1946 2626 257534
491 147 556 856 39331
492 147 564 827 40183
493 147 1260 1715 134176
494 148 2077 2566 283972
495 148 2347 2883 341107
496 148 538 770 37437
497 148 639 938 48459
498 149 1018 1384 97441
499 149 1049 1441 101926
500 149 745 1063 61003
501 150 463 706 29888
502 150 824 1181 70959
503 150 2345 3113 340671
504 151 580 819 41906
505 151 978 1306 91755
506 151 3278 4271 563034
507 151 574 844 41256
508 152 1297 1772 140130
509 152 2406 3044 354050
510 152 1229 1637 129255
511 153 1651 2090 201252
512 153 1406 1824 158161
513 153 1168 1602 119752
514 154 1908 2472 250028
515 154 1272 1764 136098
516 154 750 1112 61619
517 154 929 1297 84946
518 155 1072 1509 105296
519 155 637 916 48232
520 155 957 1315 88815
521 156 870 1249 76984
522 156 1269 1688 135617
523 156 2789 3609 441869
524 157 993 1326 93874
525 157 2108 2770 290353
526 157 1241 1744 131153
527 157 954 1378 88398
528 158 612 928 45420
529 158 959 1368 89094
530 158 921 1294 83851
531 159 502 780 33743
532 159 561 815 39863
533 159 1078 1470 106181
534 160 2095 2710 287671
535 160 805 1201 68519
536 160 255 469 12219
537 160 106 290 3291
538 161 382 630 22399
539 161 1317 1801 143383
540 161 301 540 15668
541 162 1448 1876 165300
542 162 1273 1726 136258
543 162 787 1164 66234
544 163 505 778 34046
545 163 712 1011 56996
546 163 1060 1486 103533
547 163 309 556 16296
548 164 1970 2448 262313
549 164 1055 1500 102801
550 164 1132 1605 114259
551 165 1267 1709 135296
552 165 1857 2574 240070
553 165 960 1382 89233
554 166 1317 1833 143383
555 166 511 810 34654
556 166 2353 2925 342416
557 166 918 1251 83442
558 167 510 788 34553
559 167 612 895 45420
560 167 157 357 5910
561 168 609 949 45086
562 168 100 295 3013
563 168 1378 1882 153460
564 169 1111 1589 111094
565 169 401 677 24090
566 169 815 1158 69800
567 169 840 1160 73036
568 170 337 583 18561
569 170 722 1080 58200
570 170 858 1212 75396
571 171 709 1057 56636
572 171 509 763 34452
573 171 389 661 23017
574 172 692 1052 54611
575 172 555 869 39225
576 172 1215 1745 127053
577 172 1926 2625 253574
578 173 1492 2090 172891
579 173 877 1304 77915
580 173 523 837 35882
581 174 1466 2008 168392
582 174 1262 1626 134496
583 174 1845 2424 237747
584 175 961 1362 89373
585 175 2280 2900 326605
586 175 961 1326 89373
587 175 521 849 35676
588 176 594 938 43431
589 176 1179 1682 121448
590 176 554 846 39119
591 177 2270 2792 324459
592 177 1118 1476 112146
593 177 865 1212 76321
594 178 913 1230 82761
595 178 703 988 55919
596 178 202 438 8615
597 178 595 925 43541
598 179 2104 2696 289527
599 179 978 1323 91755
600 179 1596 2136 191280
601 180 1624 2048 196336
602 180 821 1239 70572
603 180 1275 1725 136579
604 181 223 450 9995
605 181 2004 2603 269133
606 181 1906 2392 249635
607 181 1159 1624 118371
608 182 1001 1443 95010
609 182 828 1218 71477
610 182 1709 2182 211950
611 183 1367 1873 151626
612 183 652 988 49945
613 183 350 631 19644
614 184 297 542 15357
615 184 1698 2231 209907
616 184 816 1198 69929
617 184 1146 1610 116385
618 185 887 1267 79251
619 185 300 549 15590
620 185 228 464 10332
621 186 620 979 46313
622 186 658 988 50636
623 186 657 1034 50520
624 187 671 1009 52144
625 187 2680 3650 416220
626 187 1581 2202 188590
627 187 987 1375 93024
628 188 803 1215 68264
629 188 821 1145 70573
630 188 1336 1909 146497
631 189 798 1182 67628
632 189 1484 1907 171503
633 189 1058 1507 103240
634 190 2695 3683 419719
635 190 766 1078 63601
636 190 1650 2224 201070
637 190 376 664 21873
638 191 533 868 36916
639 191 2483 3200 371181
640 191 1446 1898 164958
641 192 1160 1533 118524
642 192 3105 4032 519055
643 192 810 1178 69159
644 193 1648 2322 200704
645 193 1722 2188 214373
646 193 2168 2909 302837
647 193 341 586 18894
648 194 806 1141 68647
649 194 1046 1468 101489
650 194 2147 2809 298448
651 195 1131 1611 114107
652 195 1724 2412 214747
653 195 317 589 16933
654 196 684 1080 53667
655 196 1902 2634 248849
656 196 747 1120 61249
657 196 851 1281 74476
658 197 2126 2846 294080
659 197 444 712 28068
660 197 527 861 36294
661 198 289 534 14743
662 198 2177 2895 304725
663 198 1564 2161 185556
664 199 1539 1984 181125
665 199 670 992 52028
666 199 270 546 13311
667 200 208 458 9003
668 200 1910 2467 250421
669 200 1208 1714 125956
670 200 1356 1880 149799
671 201 1014 1443 96867
672 201 480 823 31549
673 201 692 1067 54611
674 202 394 677 23463
675 202 355 652 20067
676 202 1486 2108 171850
677 203 224 464 10064
678 203 396 670 23642
679 203 721 1055 58080
680 203 905 1337 81676
681 204 286 558 14512
682 204 1121 1597 112597
683 204 978 1466 91755
684 205 1891 2599 246694
685 205 914 1273 82897
686 205 1194 1640 123773
687 206 501 814 33642
688 206 517 831 35266
689 206 312 596 16534
690 206 505 854 34045
691 207 685 1026 53785
692 207 1779 2400 225105
693 207 449 776 28543
694 208 2766 3561 436414
695 208 1260 1688 134176
696 208 1102 1553 109747
697 209 868 1214 76719
698 209 761 1191 62979
699 209 562 861 39970
700 209 276 544 13758
701 210 461 776 29695
702 210 2174 3031 304095
703 210 1212 1633 126583
704 211 2162 2734 301581
705 211 551 845 38802
706 211 384 661 22576
707 212 862 1230 75924
708 212 474 801 30959
709 212 984 1376 92600
710 212 228 474 10336
711 213 139 390 4923
712 213 1076 1509 105886
713 213 2210 2871 311680
714 214 1106 1536 110345
715 214 1205 1776 125487
716 214 887 1256 79251
717 215 944 1427 87012
718 215 264 549 12870
719 215 487 780 32243
720 215 1768 2509 223020
721 216 674 1018 52494
722 216 1747 2250 219058
723 216 926 1396 84535
724 217 957 1418 88815
725 217 678 1059 52962
726 217 1317 1762 143383
727 218 1518 2072 177430
728 218 468 810 30373
729 218 287 561 14589
730 218 167 417 6484
731 219 1168 1562 119753
732 219 1086 1496 107366
733 219 3230 4357 550712
734 220 890 1302 79654
735 220 787 1241 66234
736 220 1005 1435 95580
737 221 1041 1529 100762
738 221 746 1110 61126
739 221 479 797 31451
740 221 859 1233 75528
741 222 838 1229 72776
742 222 829 1243 71606
743 222 1403 2044 157655
744 223 848 1282 74082
745 223 292 567 14972
746 223 540 847 37646
747 224 740 1089 60391
748 224 876 1305 77781
749 224 1184 1721 122221
750 224 880 1360 78315
751 225 142 388 5099
752 225 322 620 17336
753 225 1236 1733 130361
754 226 726 1132 58685
755 226 931 1374 85221
756 226 663 1056 51214
757 227 538 898 37437
758 227 681 1022 53314
759 227 938 1418 86183
760 227 844 1213 73559
761 228 1512 2125 176379
762 228 246 526 11578
763 228 277 567 13833
764 229 720 1154 57959
765 229 1193 1760 123618
766 229 1356 1954 149799
767 230 553 908 39013
768 230 100 356 3014
769 230 567 925 40504
770 230 1088 1623 107662
771 231 834 1240 72255
772 231 1220 1811 127838
773 231 1731 2463 216056
774 232 755 1184 62236
775 232 613 962 45532
776 232 431 736 26845
777 233 275 584 13682
778 233 215 485 9464
779 233 514 889 34960
780 233 1590 2178 190202
781 234 1294 1801 139644
782 234 592 995 43212
783 234 2781 3684 439969
784 235 541 903 37750
785 235 1830 2492 234854
786 235 2091 2756 286848
787 236 1134 1673 114562
788 236 511 843 34655
789 236 650 1075 49715
790 236 953 1459 88259
791 237 282 575 14209
792 237 400 740 24000
793 237 373 698 21612
794 238 1189 1665 122997
795 238 1721 2472 214186
796 238 1325 1766 144692
797 239 1552 2082 183425
798 239 479 827 31451
799 239 671 1063 52144
800 239 707 1114 56396
801 240 1132 1669 114259
802 240 525 892 36088
803 240 1494 2092 173239
804 241 2057 2623 279880
805 241 1168 1650 119752
806 241 651 1012 49830
807 242 447 773 28353
808 242 374 703 21699
809 242 143 410 5146
810 242 722 1104 58201
811 243 694 1065 54848
812 243 1438 2101 163591
813 243 550 953 38696
814 244 750 1175 61619
815 244 1015 1552 97010
816 244 1157 1710 118065
817 245 1338 1902 146826
818 245 950 1338 87843
819 245 296 619 15279
820 245 1093 1617 108405
821 246 521 893 35676
822 246 1770 2483 223399
823 246 855 1295 75001
824 247 988 1487 93165
825 247 3385 4614 590825
826 247 1352 1878 149137
827 248 1081 1605 106625
828 248 766 1183 63601
829 248 318 645 17013
830 248 729 1169 59049
831 249 443 761 27974
832 249 2207 3001 311046
833 249 1090 1539 107959
834 250 1731 2414 216056
835 250 539 907 37541
836 250 468 842 30373
837 251 1272 1737 136098
838 251 430 785 26750
839 251 616 985 45866
840 251 2269 3150 324244
841 252 634 1069 47891
842 252 263 593 12797
843 252 182 483 7370
844 253 235 549 10810
845 253 1792 2371 227577
846 253 564 930 40183
847 254 3322 4306 574408
848 254 2071 2875 282742
849 254 2593 3591 396118
850 254 1576 2111 187696
851 255 1230 1839 129413
852 255 455 825 29117
853 255 840 1297 73036
854 256 1308 1799 141916
855 256 1517 2013 177255
856 256 343 679 19058
857 257 736 1175 59901
858 257 796 1197 67374
859 257 774 1211 64600
860 257 381 744 22311
861 258 2413 3335 355596
862 258 720 1186 57959
863 258 403 743 24271
864 259 2449 3192 363583
865 259 2072 2874 282947
866 259 926 1383 84535
867 260 603 961 44422
868 260 219 521 9728
869 260 1172 1681 120368
870 260 573 944 41149
871 261 827 1253 71347
872 261 2320 3031 335238
873 261 543 888 37960
874 262 1141 1683 115624
875 262 1362 1950 150795
876 262 1759 2457 221319
877 263 787 1190 66234
878 263 731 1136 59292
879 263 720 1157 57959
880 263 1071 1590 105149
881 264 2020 2740 272363
882 264 696 1100 55085
883 264 100 392 3012
884 265 1458 2016 167015
885 265 881 1338 78448
886 265 1174 1734 120676
887 266 226 544 10196
888 266 574 955 41256
889 266 1385 1949 154630
890 266 309 658 16296
891 267 1139 1624 115320
892 267 822 1229 70702
893 267 488 851 32341
894 268 458 853 29405
895 268 384 714 22577
896 268 878 1408 78048
897 269 948 1436 87565
898 269 650 1112 49715
899 269 365 740 20920
900 269 1118 1630 112146
901 270 1474 2008 169772
902 270 1249 1737 132423
903 270 2657 3421 410873
904 271 742 1203 60635
905 271 1901 2534 248653
906 271 524 900 35985
907 272 463 835 29888
908 272 914 1448 82897
909 272 2158 2815 300745
910 272 686 1061 53903
911 273 226 534 10200
912 273 1457 2146 166844
913 273 799 1269 67755
914 274 1025 1494 98448
915 274 481 839 31648
916 274 910 1360 82354
917 275 257 574 12365
918 275 2436 3420 360692
919 275 1625 2334 196517
920 275 882 1350 78582
921 276 1431 2107 162398
922 276 525 899 36088
923 276 1581 2264 188590
924 277 665 1127 51446
925 277 632 1037 47665
926 277 405 788 24452
927 278 1109 1602 110794
928 278 857 1301 75265
929 278 1938 2537 255948
930 278 368 725 21179
931 279 1113 1680 111394
932 279 1722 2502 214373
933 279 959 1468 89094
934 280 656 1119 50405
935 280 943 1480 86873
936 280 1845 2449 237747
937 281 1845 2537 237747
938 281 776 1187 64851
939 281 1826 2567 234084
940 281 830 1353 71736
941 282 1422 1946 160868
942 282 1197 1790 124240
943 282 637 1074 48231
944 283 417 799 25547
945 283 1750 2397 219623
946 283 2049 2748 278249
947 284 1095 1550 108703
948 284 829 1264 71607
949 284 331 665 18070
950 284 1722 2414 214373
951 285 1016 1469 97154
952 285 702 1184 55799
953 285 1447 2062 165129
954 286 283 641 14284
955 286 390 758 23107
956 286 511 916 34654
957 287 1172 1800 120368
958 287 949 1390 87704
959 287 1261 1785 134336
960 287 1651 2378 201252
961 288 1290 1790 138997
962 288 2467 3153 367599
963 288 1649 2273 200887
964 289 775 1190 64725
965 289 572 996 41041
966 289 792 1226 66867
967 290 1318 1982 143547
968 290 617 1072 45978
969 290 1341 1972 147321
970 290 1246 1838 131946
971 291 412 818 25088
972 291 1631 2221 197607
973 291 1071 1662 105149
974 292 2395 3329 351624
975 292 832 1342 71995
976 292 681 1132 53314
977 293 371 733 21439
978 293 366 737 21007
979 293 1513 2213 176554
980 293 2252 2893 320607
981 294 784 1287 65856
982 294 750 1183 61619
983 294 883 1328 78716
984 295 1699 2278 210092
985 295 415 773 25365
986 295 986 1506 92883
987 296 1534 2110 180243
988 296 1164 1807 119138
989 296 100 419 3018
990 296 1294 1810 139644
991 297 1170 1763 120060
992 297 1900 2737 248457
993 297 2145 3003 298031
994 298 1843 2438 237361
995 298 886 1435 79117
996 298 218 574 9659
997 299 746 1174 61127
998 299 868 1303 76719
999 299 2234 3054 316771
1000 300 484 867 31945
