1 6 1161 1430 292651
2 24 766 934 85372
3 25 715 890 195667
4 115 715 937 196872
5 138 2110 2613 627770
6 159 1363 1921 236710
7 182 601 919 102402
8 182 1193 1667 86707
9 187 989 1329 63717
10 201 152 385 18070
11 215 385 693 114772
12 232 1036 1483 200424
13 234 1992 2648 521541
14 234 720 1159 193924
15 276 568 1012 32307
16 277 908 1435 216052
17 331 543 974 156970
18 340 687 1145 151062
19 340 835 1328 131800
20 358 370 823 70607
21 359 1407 2067 185139
22 364 319 771 27419
23 382 288 731 79470
24 386 960 1611 144226
25 436 1341 2131 343014
26 442 945 1654 175889
27 475 778 1393 88557
28 492 682 1306 135343
29 522 605 1220 126451
30 539 1605 2472 198715
31 557 1042 1892 171930
32 593 641 1339 164536
33 619 511 1210 118392
34 630 1244 2205 171859
35 674 1582 2689 283043
36 695 1497 2520 91842
37 703 447 1236 126390
38 719 678 1538 126565
39 726 597 1460 117971
40 770 740 1627 104002
41 785 1399 2545 140095
42 855 1883 3077 98900
43 882 1067 2179 288819
44 882 524 1488 51236
45 910 822 1893 191469
46 913 2094 3522 322446
47 929 893 2057 180750
48 929 683 1806 173828
49 935 723 1793 85212
50 946 1064 2189 142832
51 972 459 1568 69509
52 987 586 1680 141003
53 989 1484 2816 129702
54 1054 1045 2315 160530
55 1072 900 2208 49651
56 1088 1529 2908 274301
57 1098 501 1694 103761
58 1102 668 1918 93805
59 1116 1023 2438 212824
60 1124 1001 2294 190212
61 1130 263 1463 59733
62 1137 623 1869 182604
63 1140 754 2057 67676
64 1141 1095 2429 81641
65 1159 999 2428 80427
66 1207 801 2143 210356
67 1227 151 1408 8714
68 1228 828 2186 70829
69 1238 877 2274 189683
70 1296 3188 5037 254142
71 1307 737 2239 160491
72 1316 1027 2564 192385
73 1325 1681 3336 286820
74 1356 1351 3012 198339
75 1378 1929 3858 104195
76 1381 267 1719 21652
77 1401 393 1899 80163
78 1431 558 2143 41503
79 1439 229 1721 40137
80 1442 882 2549 161911
81 1455 418 1969 65792
82 1461 2080 3949 354777
83 1474 469 2021 136187
84 1497 671 2340 193326
85 1517 1400 3174 377769
86 1519 316 1920 69295
87 1524 216 1792 27893
88 1548 952 2759 166960
89 1556 1000 2716 128215
90 1588 1375 3362 361171
91 1589 1178 3117 243844
92 1627 1024 2842 92880
93 1628 510 2228 28023
94 1635 983 2823 96193
95 1636 1022 2874 289991
96 1673 496 2275 133670
97 1696 2427 4707 271297
98 1708 1144 3084 81200
99 1724 399 2202 87534
100 1751 1379 3351 139762
101 1757 1524 3596 450360
102 1772 1102 3169 257175
103 1774 710 2602 174126
104 1800 480 2408 96132
105 1809 800 2847 105050
106 1815 1054 3175 293731
107 1819 850 2797 138149
108 1823 1980 4390 150045
109 1829 1254 3374 369603
110 1842 440 2384 42879
111 1856 365 2307 36905
112 1863 1150 3275 78787
113 1875 721 2769 129201
114 1884 1321 3549 274338
115 1900 1144 3309 254476
116 1932 802 2871 159469
117 1932 444 2454 124932
118 1936 238 2212 37507
119 1946 971 3163 159734
120 1946 311 2307 58575
121 1948 431 2485 97383
122 1960 934 3086 178314
123 1968 876 3034 190980
124 1970 342 2393 62052
125 1994 1628 3927 82221
126 1998 1602 3882 126984
127 1999 1173 3426 238194
128 2005 1172 3390 333743
129 2011 1173 3361 285127
130 2014 1516 3899 217377
131 2016 1274 3490 263554
132 2064 473 2635 134363
133 2070 714 2949 203427
134 2092 2986 5624 691054
135 2100 161 2300 37811
136 2120 600 2829 129749
137 2130 1633 4129 384908
138 2151 496 2745 135167
139 2158 1295 3663 326077
140 2169 869 3280 220998
141 2172 521 2811 83149
142 2204 133 2376 14269
143 2207 954 3382 207656
144 2217 465 2800 46967
145 2222 778 3193 198072
146 2224 1167 3574 324286
147 2235 1442 3899 200427
148 2242 599 2932 41502
149 2257 521 2927 72270
150 2282 307 2654 31877
151 2295 1486 4136 295269
152 2307 2737 5607 364729
153 2309 1583 4339 230834
154 2352 1797 4551 217124
155 2368 499 3000 74531
156 2369 1124 3748 127393
157 2384 1369 4161 168214
158 2409 100 2535 15687
159 2416 381 2865 95223
160 2437 2166 5036 576802
161 2454 259 2787 68623
162 2466 1968 4739 485787
163 2468 258 2780 69255
164 2490 396 2983 102330
165 2497 1136 3888 208747
166 2555 883 3589 217215
167 2566 641 3343 112187
168 2567 2118 5252 422988
169 2587 314 2957 62033
170 2606 759 3525 127042
171 2606 1227 4022 125776
172 2624 1014 3832 231435
173 2645 534 3260 81271
174 2658 547 3362 42649
175 2660 1429 4414 352435
176 2661 1470 4559 347940
177 2702 1031 3999 264577
178 2743 451 3291 113408
179 2745 560 3389 157438
180 2767 831 3777 156514
181 2780 912 3863 214897
182 2783 1197 4173 320986
183 2792 731 3723 76034
184 2800 1410 4592 347691
185 2803 1400 4545 200732
186 2808 1833 4990 197864
187 2819 855 3843 235885
188 2828 1042 4038 268020
189 2834 770 3759 138907
190 2841 455 3418 123347
191 2866 2700 6110 446744
192 2895 1696 4950 90418
193 2951 1383 4602 227914
194 2953 836 3965 192683
195 3052 426 3566 73418
196 3112 1534 4974 360730
197 3119 761 4092 139241
198 3134 1102 4531 136864
199 3155 559 3843 76195
200 3162 991 4363 231005
201 3167 584 3915 46938
202 3170 600 3917 117321
203 3173 983 4320 101223
204 3175 255 3480 23391
205 3211 266 3526 31095
206 3212 494 3804 117249
207 3220 726 4117 215303
208 3227 1436 4967 342437
209 3236 754 4201 165687
210 3237 832 4245 198347
211 3243 688 4055 90738
212 3253 1041 4535 201800
213 3259 452 3780 129397
214 3259 782 4240 136010
215 3267 1095 4679 174952
216 3273 978 4541 174153
217 3276 850 4268 205020
218 3311 857 4383 208462
219 3313 1162 4815 283670
220 3321 2776 6767 733772
221 3326 474 3918 72062
222 3361 2823 6982 297756
223 3363 459 3940 124109
224 3374 117 3521 26245
225 3415 576 4142 95767
226 3420 1054 4770 106305
227 3423 2440 6275 296160
228 3426 426 3949 75674
229 3451 1157 4923 174871
230 3456 290 3810 15469
231 3483 2388 6375 506121
232 3500 1716 5477 206298
233 3536 601 4245 36358
234 3583 1881 5881 179505
235 3607 778 4588 203821
236 3619 1769 5798 522610
237 3628 845 4656 150699
238 3629 870 4758 93861
239 3630 610 4417 37032
240 3637 1252 5160 84511
241 3642 913 4791 184519
242 3644 1173 5117 168466
243 3655 233 3935 14289
244 3667 1807 5839 510156
245 3699 2081 6210 536569
246 3701 911 4863 130555
247 3709 2661 7021 196495
248 3718 2301 6399 143040
249 3730 1269 5299 198621
250 3735 1896 6071 341788
251 3741 1607 5673 352524
252 3744 182 3974 9765
253 3747 697 4570 159131
254 3748 1324 5347 285482
255 3760 2162 6358 319303
256 3764 273 4084 31274
257 3796 194 4036 30708
258 3802 811 4828 213411
259 3807 126 3962 30185
260 3808 793 4756 121918
261 3825 1070 5169 156811
262 3828 410 4335 39500
263 3835 807 4835 214160
264 3841 1517 5783 350557
265 3866 574 4590 108762
266 3868 465 4443 38786
267 3893 783 4845 127389
268 3906 377 4393 59479
269 3923 2544 7058 466347
270 3935 863 5009 204581
271 3965 502 4559 91454
272 3976 971 5212 160971
273 4000 780 4929 166668
274 4008 722 4927 47496
275 4009 574 4735 146606
276 4009 553 4683 163592
277 4020 238 4321 57932
278 4025 1894 6415 166012
279 4033 1218 5473 202184
280 4063 1034 5293 159039
281 4072 771 5061 197439
282 4117 405 4621 107134
283 4152 479 4759 75320
284 4154 262 4463 46780
285 4200 523 4859 83211
286 4208 363 4661 26710
287 4213 2226 7022 563575
288 4214 1456 6042 424883
289 4232 888 5363 244886
290 4236 439 4802 109897
291 4258 377 4729 19388
292 4318 738 5218 142279
293 4340 1493 6125 193382
294 4378 268 4724 73144
295 4402 1208 5945 183015
296 4424 522 5025 36569
297 4426 593 5135 31983
298 4458 871 5461 243140
299 4492 450 5057 57257
300 4493 713 5327 126849
301 4494 422 4979 120102
302 4523 553 5193 83272
303 4552 1353 6187 91100
304 4579 901 5701 210159
305 4615 1351 6305 114306
306 4648 517 5287 99455
307 4650 1213 6202 175620
308 4652 212 4907 43381
309 4658 871 5742 145736
310 4669 1264 6206 219350
311 4697 204 4957 33719
312 4699 521 5371 91696
313 4727 870 5851 224640
314 4728 1561 6608 415086
315 4761 553 5406 155537
316 4778 1184 6251 75299
317 4781 1968 7234 577729
318 4796 1218 6209 229802
319 4857 731 5779 184624
320 4888 1074 6189 108518
321 4897 542 5523 105652
322 4912 893 5999 256457
323 4916 757 5793 167561
324 4928 1052 6141 97687
325 4931 628 5695 102814
326 4945 1090 6310 302533
327 4958 623 5734 179663
328 4967 1447 6822 283792
329 4968 669 5821 140921
330 4976 131 5128 30803
331 4979 387 5429 76827
332 4987 853 6057 56837
333 5002 2214 7624 617524
334 5004 1413 6759 157650
335 5037 104 5167 20716
336 5054 248 5357 72923
337 5085 1682 7191 241972
338 5086 1260 6686 341643
339 5093 2927 8514 293104
340 5102 606 5818 135018
341 5158 443 5707 90703
342 5160 884 6301 215676
343 5184 597 5882 81715
344 5185 1588 7114 236596
345 5223 583 5951 159143
346 5241 697 6074 131014
347 5242 397 5745 61159
348 5243 1355 6835 228639
349 5258 417 5741 119093
350 5276 1102 6555 175894
351 5345 2440 8344 723035
352 5347 179 5557 14070
353 5355 2023 7684 179830
354 5366 1014 6563 210552
355 5409 348 5820 19185
356 5409 907 6564 128248
357 5410 1331 7011 167199
358 5423 466 6027 43118
359 5442 1142 6909 278877
360 5443 2124 7909 630153
361 5451 583 6145 43518
362 5463 393 5963 89080
363 5476 772 6435 68704
364 5482 875 6551 214496
365 5498 1638 7456 209536
366 5546 755 6414 70638
367 5565 620 6359 99470
368 5571 385 6070 57336
369 5574 205 5831 24698
370 5575 298 5933 29109
371 5585 296 5940 55295
372 5590 702 6501 151667
373 5619 241 5903 14758
374 5621 812 6570 154798
375 5624 2408 8669 686532
376 5637 1667 7558 301210
377 5647 697 6497 149167
378 5668 3344 9794 741564
379 5668 877 6763 69504
380 5670 961 6890 77656
381 5672 763 6629 117529
382 5685 824 6696 227279
383 5686 568 6415 144535
384 5690 705 6554 165012
385 5738 2032 8231 543359
386 5744 1777 7894 519877
387 5776 125 5937 29425
388 5777 266 6094 22054
389 5789 471 6391 43014
390 5793 1500 7710 259036
391 5806 1801 7986 496711
392 5806 1327 7452 257641
393 5808 347 6236 49548
394 5818 577 6549 65316
395 5823 1155 7313 315888
396 5832 712 6686 165444
397 5842 646 6640 86830
398 5845 653 6692 36769
399 5867 1697 7882 305491
400 5889 1230 7399 242596
401 5904 677 6758 139373
402 5906 1044 7200 66167
403 5929 310 6303 33484
404 5939 577 6625 108813
405 5951 1598 7836 197332
406 5973 228 6243 65464
407 6031 1240 7632 251081
408 6046 123 6204 30313
409 6048 2236 8817 115397
410 6056 567 6773 127927
411 6068 1093 7425 262435
412 6091 910 7207 205678
413 6091 932 7293 134162
414 6093 1031 7388 174158
415 6102 193 6343 46459
416 6132 945 7225 200009
417 6139 741 7016 161173
418 6142 570 6837 138731
419 6144 471 6694 97299
420 6155 960 7299 252715
421 6198 397 6709 118742
422 6207 1580 8212 376724
423 6217 1143 7568 153164
424 6218 998 7435 242858
425 6236 1540 8218 149818
426 6246 166 6459 37168
427 6268 301 6641 30088
428 6313 1175 7674 225736
429 6318 491 6930 50423
430 6337 539 7001 142362
431 6344 266 6683 74969
432 6352 398 6831 51545
433 6353 1602 8375 252760
434 6361 1158 7707 139770
435 6376 953 7531 117342
436 6401 554 7065 68387
437 6410 914 7466 191276
438 6416 1687 8507 359914
439 6420 501 7010 62080
440 6439 823 7461 164523
441 6465 2319 9307 319102
442 6468 1316 8161 177584
443 6468 559 7149 122716
444 6469 1251 8009 171038
445 6474 224 6746 55690
446 6516 801 7470 68536
447 6538 1250 8034 327979
448 6555 1080 7811 321757
449 6563 1243 8093 368190
450 6564 1417 8393 231259
451 6574 1134 7911 103444
452 6583 1114 7904 253471
453 6588 967 7739 130889
454 6589 363 7030 101025
455 6591 1602 8478 82113
456 6593 820 7543 226477
457 6599 1297 8216 153383
458 6614 1502 8381 185597
459 6626 580 7302 165522
460 6628 618 7411 102339
461 6642 678 7509 76183
462 6652 1787 8899 471827
463 6683 427 7196 102209
464 6687 1973 9043 246061
465 6707 960 7826 153613
466 6708 1005 7973 286480
467 6789 1462 8602 388576
468 6796 891 7930 83162
469 6846 1612 8817 127720
470 6892 580 7618 166735
471 6905 1935 9170 451765
472 6919 612 7680 119891
473 6919 1979 9310 274651
474 6963 624 7684 65193
475 6976 692 7773 135185
476 6980 388 7432 104082
477 6980 474 7562 106613
478 6990 823 7987 156489
479 6993 985 8265 69623
480 7006 1542 8838 377785
481 7011 726 7856 50032
482 7016 349 7436 25491
483 7064 1081 8402 115200
484 7069 942 8278 231614
485 7084 1158 8537 236505
486 7094 527 7768 55738
487 7122 574 7857 141992
488 7151 527 7816 100295
489 7160 1724 9206 268749
490 7161 1946 9630 112760
491 7166 556 7870 61169
492 7170 564 7830 44513
493 7186 1260 8640 227929
494 7190 2077 9646 617612
495 7226 2347 10127 198254
496 7241 538 7915 147646
497 7269 639 8075 44161
498 7295 1018 8602 252955
499 7355 1049 8586 66030
500 7395 745 8314 66311
501 7398 463 7988 64627
502 7427 824 8487 157731
503 7430 2345 10191 199089
504 7446 580 8163 139473
505 7461 978 8700 116322
506 7468 3278 11338 177631
507 7470 574 8188 39687
508 7480 1297 9053 259945
509 7480 2406 10585 307848
510 7537 1229 8996 262440
511 7544 1651 9596 219628
512 7547 1406 9359 367269
513 7557 1168 8939 128229
514 7570 1908 9910 464393
515 7594 1272 9065 284080
516 7597 750 8532 80902
517 7605 929 8768 264807
518 7611 1072 8851 139266
519 7616 637 8390 175057
520 7651 957 8889 154104
521 7659 870 8757 159136
522 7661 1269 9222 151677
523 7684 2789 10982 340261
524 7703 993 8927 56887
525 7718 2108 10429 187761
526 7730 1241 9198 222845
527 7742 954 8940 70531
528 7758 612 8490 178807
529 7763 959 8903 123003
530 7815 921 8989 57611
531 7818 502 8430 72741
532 7823 561 8494 68119
533 7833 1078 9087 138745
534 7835 2095 10257 513779
535 7866 805 8839 129585
536 7888 255 8215 54701
537 7901 106 8023 30294
538 7913 382 8365 29377
539 7922 1317 9588 230632
540 7927 301 8292 33825
541 7929 1448 9713 171727
542 7935 1273 9571 132138
543 7938 787 8947 149413
544 7939 505 8582 115246
545 7980 712 8873 93333
546 7982 1060 9238 108884
547 8016 309 8411 78827
548 8016 1970 10411 163709
549 8017 1055 9290 216101
550 8036 1132 9414 277393
551 8043 1267 9689 123891
552 8068 1857 10331 292934
553 8088 960 9235 95542
554 8125 1317 9652 357934
555 8148 511 8767 89028
556 8155 2353 11184 574302
557 8182 918 9255 175663
558 8199 510 8819 127144
559 8210 612 8980 136232
560 8224 157 8412 39444
561 8244 609 8949 54752
562 8277 100 8397 6920
563 8315 1378 9948 354887
564 8333 1111 9768 140153
565 8350 401 8827 48109
566 8353 815 9324 48070
567 8365 840 9447 86876
568 8386 337 8794 17666
569 8389 722 9312 168073
570 8392 858 9500 210556
571 8418 709 9266 79385
572 8436 509 9074 71783
573 8448 389 8928 20058
574 8458 692 9260 127218
575 8491 555 9176 132014
576 8547 1215 9968 216629
577 8548 1926 10819 141173
578 8549 1492 10356 135524
579 8556 877 9593 113473
580 8566 523 9187 37602
581 8578 1466 10283 144125
582 8584 1262 10044 260747
583 8588 1845 10789 221282
584 8605 961 9758 207286
585 8611 2280 11530 546679
586 8652 961 9862 164424
587 8662 521 9315 98047
588 8680 594 9382 60675
589 8682 1179 10090 327409
590 8707 554 9389 129345
591 8711 2270 11439 344878
592 8733 1118 10039 103776
593 8767 865 9869 169721
594 8811 913 9907 228900
595 8835 703 9669 206687
596 8848 202 9090 27134
597 8851 595 9563 47914
598 8859 2104 11313 446103
599 8921 978 10174 242182
600 8931 1596 10800 297487
601 8967 1624 10860 99589
602 8988 821 10012 150890
603 8988 1275 10469 74886
604 9009 223 9298 12823
605 9010 2004 11448 353014
606 9061 1906 11286 175857
607 9077 1159 10471 278645
608 9080 1001 10307 209684
609 9083 828 10157 200377
610 9094 1709 11170 276192
611 9101 1367 10799 295738
612 9101 652 9899 137712
613 9120 350 9523 55092
614 9131 297 9484 24441
615 9134 1698 11112 340955
616 9165 816 10167 92531
617 9168 1146 10566 198324
618 9171 887 10216 188951
619 9190 300 9570 74359
620 9203 228 9485 40563
621 9215 620 9933 75613
622 9227 658 9992 191448
623 9242 657 10010 57779
624 9298 671 10159 191893
625 9324 2680 12713 137621
626 9326 1581 11144 228494
627 9342 987 10498 53886
628 9370 803 10349 229469
629 9388 821 10372 176749
630 9405 1336 11072 150660
631 9428 798 10423 82260
632 9429 1484 11162 334413
633 9433 1058 10667 316582
634 9449 2695 12622 535053
635 9456 766 10384 62502
636 9467 1650 11371 339377
637 9475 376 9952 97949
638 9493 533 10144 130245
639 9495 2483 12601 573730
640 9496 1446 11265 301278
641 9501 1160 10975 173386
642 9569 3105 13515 614803
643 9591 810 10542 45498
644 9649 1648 11633 307638
645 9655 1722 11852 140982
646 9702 2168 12455 576150
647 9714 341 10113 89648
648 9738 806 10784 186758
649 9744 1046 11070 312339
650 9748 2147 12412 272608
651 9764 1131 11206 230295
652 9779 1724 11911 195516
653 9783 317 10183 22322
654 9784 684 10665 89915
655 9797 1902 12020 305445
656 9802 747 10665 165203
657 9821 851 10914 220677
658 9836 2126 12321 173413
659 9889 444 10453 124792
660 9915 527 10557 92089
661 9959 289 10305 79060
662 9968 2177 12682 265730
663 10004 1564 11872 426659
664 10033 1539 11805 201119
665 10037 670 10863 58326
666 10039 270 10353 68531
667 10058 208 10325 53227
668 10070 1910 12524 359610
669 10081 1208 11617 176380
670 10082 1356 11776 403015
671 10101 1014 11301 149539
672 10135 480 10721 40561
673 10188 692 10992 178142
674 10193 394 10703 59565
675 10197 355 10609 23590
676 10202 1486 12109 246606
677 10207 224 10475 37881
678 10211 396 10685 68214
679 10213 721 11135 142812
680 10233 905 11368 127756
681 10238 286 10598 61963
682 10244 1121 11553 216533
683 10270 978 11432 245501
684 10288 1891 12583 564786
685 10288 914 11351 224009
686 10293 1194 11786 288798
687 10332 501 10931 86679
688 10343 517 10999 55905
689 10348 312 10717 58581
690 10350 505 10970 60885
691 10366 685 11184 81830
692 10378 1779 12629 378882
693 10380 449 10952 131946
694 10386 2766 13763 184418
695 10403 1260 11861 156134
696 10410 1102 11831 199245
697 10433 868 11466 130019
698 10469 761 11412 162273
699 10485 562 11144 165372
700 10503 276 10842 23162
701 10516 461 11107 31652
702 10526 2174 13322 650333
703 10533 1212 12054 294045
704 10534 2162 13129 617022
705 10541 551 11218 128436
706 10559 384 11053 112817
707 10572 862 11671 108400
708 10576 474 11189 98132
709 10582 984 11850 215521
710 10601 228 10873 32491
711 10614 139 10785 34403
712 10621 1076 11909 209747
713 10640 2210 13296 561212
714 10651 1106 12000 76513
715 10661 1205 12076 78657
716 10685 887 11771 67930
717 10692 944 11793 269287
718 10693 264 11031 43037
719 10704 487 11336 24372
720 10717 1768 12913 360861
721 10719 674 11540 100585
722 10750 1747 12878 268583
723 10759 926 11925 77634
724 10847 957 11975 91038
725 10849 678 11655 122931
726 10859 1317 12395 351694
727 10860 1518 12673 137583
728 10863 468 11448 27856
729 10878 287 11234 64445
730 10886 167 11083 10102
731 10906 1168 12312 87189
732 10913 1086 12180 123331
733 10980 3230 14837 589451
734 10993 890 12107 176391
735 11023 787 11945 73207
736 11033 1005 12321 190536
737 11049 1041 12381 148744
738 11120 746 12046 134963
739 11150 479 11723 80222
740 11172 859 12224 86065
741 11181 838 12184 207700
742 11185 829 12252 116017
743 11196 1403 12874 138615
744 11222 848 12283 110897
745 11246 292 11625 38374
746 11307 540 11959 108450
747 11308 740 12247 123860
748 11332 876 12394 261844
749 11350 1184 12713 324139
750 11363 880 12394 216903
751 11365 142 11541 19235
752 11372 322 11784 17139
753 11381 1236 12844 236969
754 11390 726 12263 147083
755 11411 931 12485 73655
756 11424 663 12199 64523
757 11426 538 12081 128061
758 11431 681 12306 176272
759 11456 938 12562 150349
760 11462 844 12457 98003
761 11467 1512 13320 101345
762 11477 246 11767 69825
763 11486 277 11823 44693
764 11498 720 12327 80531
765 11515 1193 13041 108750
766 11528 1356 13171 72658
767 11531 553 12206 30556
768 11564 100 11691 25621
769 11590 567 12309 68516
770 11594 1088 12981 202095
771 11595 834 12600 172081
772 11606 1220 13011 104603
773 11613 1731 13796 192210
774 11617 755 12552 110438
775 11623 613 12406 176607
776 11627 431 12179 50709
777 11641 275 11965 46367
778 11654 215 11901 12137
779 11680 514 12313 92577
780 11684 1590 13749 159732
781 11691 1294 13229 101430
782 11704 592 12466 144716
783 11715 2781 15256 766696
784 11738 541 12402 88073
785 11751 1830 13946 361065
786 11755 2091 14302 340605
787 11767 1134 13230 335672
788 11777 511 12425 122225
789 11788 650 12601 59487
790 11796 953 12900 212215
791 11798 282 12153 17411
792 11826 400 12341 29114
793 11834 373 12278 81350
794 11836 1189 13233 75922
795 11837 1721 13901 415609
796 11842 1325 13447 282547
797 11849 1552 13768 86220
798 11863 479 12484 28911
799 11867 671 12736 125789
800 11883 707 12798 55632
801 11894 1132 13279 104569
802 11897 525 12504 107300
803 11908 1494 13672 294204
804 11924 2057 14324 273574
805 11927 1168 13407 186019
806 11944 651 12753 137923
807 11944 447 12514 58660
808 11948 374 12416 108611
809 11950 143 12130 24662
810 11951 722 12849 169612
811 11956 694 12817 37593
812 11989 1438 13684 363263
813 11992 550 12646 128089
814 12001 750 12905 135353
815 12014 1015 13191 96735
816 12015 1157 13511 315322
817 12021 1338 13690 220651
818 12043 950 13231 194419
819 12050 296 12415 19179
820 12063 1093 13423 264757
821 12070 521 12746 27492
822 12088 1770 14317 341516
823 12091 855 13129 70018
824 12096 988 13292 136931
825 12145 3385 16191 787756
826 12180 1352 13876 266688
827 12188 1081 13583 148598
828 12198 766 13106 163905
829 12236 318 12611 40943
830 12237 729 13099 49053
831 12285 443 12849 50340
832 12288 2207 14982 134249
833 12306 1090 13673 144577
834 12310 1731 14494 265017
835 12336 539 12971 96100
836 12355 468 12902 74943
837 12364 1272 13887 353603
838 12369 430 12867 96106
839 12413 616 13138 79932
840 12413 2269 15163 628521
841 12424 634 13176 46172
842 12449 263 12764 20032
843 12452 182 12664 35210
844 12458 235 12730 13567
845 12474 1792 14726 251617
846 12497 564 13156 63959
847 12512 3322 16652 394933
848 12555 2071 15090 166557
849 12605 2593 15815 334547
850 12641 1576 14601 397307
851 12649 1230 14176 152442
852 12691 455 13231 59994
853 12718 840 13704 80046
854 12721 1308 14380 191207
855 12728 1517 14571 301143
856 12737 343 13161 22927
857 12743 736 13681 69428
858 12782 796 13783 193561
859 12820 774 13793 150732
860 12828 381 13266 53375
861 12829 2413 15822 354379
862 12834 720 13755 91584
863 12845 403 13326 46949
864 12866 2449 15804 463721
865 12867 2072 15469 446810
866 12869 926 14046 251389
867 12871 603 13638 33006
868 12903 219 13179 22359
869 12906 1172 14277 245677
870 12916 573 13602 36832
871 12935 827 13903 41542
872 12936 2320 15918 130278
873 12952 543 13593 83657
874 12966 1141 14339 317119
875 12982 1362 14556 242509
876 12991 1759 15193 497664
877 13002 787 13980 197488
878 13104 731 13953 107080
879 13109 720 13977 195531
880 13120 1071 14375 94217
881 13127 2020 15549 128505
882 13146 696 13965 202746
883 13151 100 13272 20800
884 13154 1458 14989 206657
885 13168 881 14200 89549
886 13193 1174 14598 245386
887 13200 226 13473 11685
888 13216 574 13921 160937
889 13239 1385 15000 354979
890 13283 309 13675 40458
891 13291 1139 14731 97715
892 13305 822 14331 172942
893 13324 488 13887 120532
894 13324 458 13912 53519
895 13324 384 13812 27110
896 13331 878 14419 150499
897 13333 948 14500 266910
898 13339 650 14171 160076
899 13341 365 13775 101453
900 13341 1118 14643 294405
901 13355 1474 15122 93515
902 13364 1249 14925 134667
903 13370 2657 16522 336141
904 13379 742 14239 69957
905 13386 1901 15573 306730
906 13392 524 14001 115627
907 13395 463 13943 132368
908 13399 914 14569 111837
909 13401 2158 16136 541250
910 13411 686 14301 136829
911 13412 226 13674 47846
912 13424 1457 15236 305369
913 13467 799 14422 211670
914 13527 1025 14853 107038
915 13577 481 14136 47442
916 13654 910 14812 199436
917 13691 257 14011 38665
918 13701 2436 16713 309295
919 13703 1625 15688 403431
920 13705 882 14849 249713
921 13732 1431 15578 215445
922 13735 525 14375 118864
923 13749 1581 15785 135173
924 13752 665 14547 56399
925 13767 632 14551 79995
926 13770 405 14255 27430
927 13778 1109 15111 294577
928 13790 857 14805 191793
929 13839 1938 16250 515258
930 13851 368 14281 108338
931 13860 1113 15237 332640
932 13865 1722 16080 181463
933 13869 959 14979 109239
934 13893 656 14699 60941
935 13912 943 15020 156206
936 13913 1845 16043 148470
937 13917 1845 16153 121368
938 13963 776 14901 130757
939 13969 1826 16192 488078
940 13969 830 14989 138605
941 13979 1422 15701 361765
942 13989 1197 15526 315182
943 13993 637 14789 53724
944 14002 417 14498 25652
945 14019 1750 16275 376599
946 14027 2049 16612 262052
947 14039 1095 15437 125816
948 14047 829 15000 119462
949 14072 331 14480 56162
950 14075 1722 16277 131476
951 14087 1016 15339 181096
952 14115 702 14951 179401
953 14118 1447 15945 337461
954 14122 283 14484 65287
955 14135 390 14597 88292
956 14138 511 14749 56487
957 14143 1172 15503 276600
958 14163 949 15355 103085
959 14177 1261 15768 352399
960 14234 1651 16159 178570
961 14238 1290 15866 153028
962 14270 2467 17338 173408
963 14325 1649 16333 387140
964 14338 775 15309 196670
965 14350 572 15083 139165
966 14366 792 15356 45881
967 14376 1318 15997 78321
968 14385 617 15169 80321
969 14460 1341 16115 160734
970 14482 1246 16061 338445
971 14489 412 14987 109481
972 14519 1631 16459 299557
973 14562 1071 15931 140804
974 14607 2395 17703 192725
975 14609 832 15568 229660
976 14609 681 15399 202919
977 14646 371 15125 31258
978 14696 366 15146 35220
979 14730 1513 16567 98884
980 14743 2252 17408 317122
981 14744 784 15697 230789
982 14747 750 15700 175764
983 14766 883 15852 229579
984 14770 1699 16810 386054
985 14794 415 15333 53392
986 14820 986 16053 257423
987 14823 1534 16797 352027
988 14824 1164 16212 153148
989 14842 100 14957 24022
990 14852 1294 16348 344415
991 14890 1170 16256 108773
992 14895 1900 17215 445493
993 14895 2145 17406 343238
994 14928 1843 17180 189960
995 14937 886 15971 229567
996 14947 218 15214 11683
997 14953 746 15900 220218
998 14958 868 16035 152704
999 14967 2234 17830 643680
1000 14973 484 15584 78099
